0.0126713394239 0.0103864884898 0.2186684811912899 0.801206241143778
0.020477425796 0.0176332508279 0.11169216122279231 0.4317715706039913
0.0123483668058 0.0112951149806 0.5090155519490842 1.9684286785056022
0.0148635513066 0.0112192998407 0.5483190094518173 2.32739093070324
0.0143720897019 0.0127305494943 0.30126401135396125 1.0685445940890461
0.01236585188 0.0118800151452 0.2575136794955496 1.022049438782191
0.0111813194275 0.00998079387844 0.22847354650350712 0.8254635322490227
0.00968831347109 0.00818155568882 0.4906191300762118 1.895155784236221
0.0177981445173 0.0128883356201 0.7631620549138729 2.9277862049029237
0.0129806623209 0.0101430050326 0.29269775482962257 1.0569617877195516
0.00858254770018 0.00776759805131 0.14160241503028995 0.5573974776160269
0.00999671770525 0.0083449381062 0.4367019682835886 1.6789663382782334
0.0137323654147 0.0117260333126 0.5713630374324448 2.4266803199010427
0.0192165660315 0.0153431527926 0.4309966411833865 1.642535500613057
0.00828693270351 0.00760850708347 0.21665409325621823 0.7837239060476641
0.00832881215118 0.00770064413903 0.24900945915704614 0.8825539233180643
0.0119944095171 0.00945178480713 0.04735751232308548 0.1743904073839837
0.00864993545774 0.0078228160984 0.14751761728962787 0.533588779501427
0.0109115292528 0.010340726457 0.47797564388049496 1.9857132162687818
0.0117046295869 0.0114668292591 0.1404131772744224 0.5420127833638846
0.00903937305031 0.00731447089254 0.1461841369388229 0.5282846605848087
0.00987004209655 0.00981041440927 0.3065672783653912 1.1747994502117205
0.00772923085475 0.00729386890267 0.23830461061942657 0.8799811094938159
0.0142790269601 0.0118235422769 0.2151300924316262 0.8141954068094949
0.0144337624272 0.0138022108171 0.27141985198433893 1.1236477643811362
0.0202644137867 0.0168123930443 0.7898027084823847 3.3093868412663623
0.01608360512 0.0141258357267 0.20431426517594276 0.7764781283575776
0.00920074328814 0.0089135923523 0.27903505341313367 1.0825484251582709
0.0106748339921 0.00964879559823 0.2665053577202561 1.026431164920404
0.0165214221863 0.0139664943538 0.35502565488951204 1.4163540069490705
0.0175206636114 0.0159819484682 0.11665851827258875 0.4335337563608964
0.0352177439364 0.0315258517917 0.059808623280513756 0.26999974049968467
0.0113289638527 0.00958473284497 0.22785957143389343 0.867527223528268
0.0134264143631 0.0113433157494 0.35608632535140705 1.4254443028926622
0.0106550217519 0.00925154580889 0.6336225583402392 2.328610741125117
0.0145721004945 0.0116714416652 0.37539905435062965 1.5298729256270385
0.00941580964067 0.00751159788907 0.5213244259775519 1.8387383362312557
0.0180502340073 0.0148971575398 5.159090324178394 20.476844041540183
0.0141034786809 0.0129733705401 0.5039829139608408 1.9216259054602953
0.0102676915595 0.00894839166322 0.8550581606550752 3.234893330229344
0.0087743769955 0.00797123659356 0.4797160374364127 1.8193680867897997
0.0125438537143 0.0104265879709 0.15522414774876792 0.5815116887961495
0.0185596538805 0.0162695725235 0.1049483545625066 0.4545941042310523
0.0167546006018 0.0156310675327 0.16882727650174043 0.6881059611912904
0.00928427620572 0.00834585933635 0.5270419469245415 1.9023784607626182
0.0100737877074 0.00887469749887 0.27229605887813857 1.040807519634536
0.0160191313514 0.013983269491 0.22864437449667543 0.9063610695043337
0.0102168488394 0.007608371213 0.39360466380401904 1.4588003675061039
0.0180501508463 0.0152213725985 0.05860937575644237 0.24504607209887486
0.0183821495211 0.0155972235606 0.1777670949103747 0.7430667651667763
0.00872721462308 0.00667466374746 0.584960693730129 2.1470929396832186
0.01731570842 0.0154656056083 0.8273394949597848 2.7996244884363244
0.0104325440923 0.0101001341165 0.30440300617642163 1.1535662966290874
0.00896531844951 0.00707753356499 0.3004570938189714 1.0766233630988713
0.0104740340352 0.00913593209399 0.3219042696988889 1.2432039080600195
0.0163420156756 0.0165002390492 0.38970948474586525 1.5461324565380576
0.0111466639584 0.00974174443789 2.6999317604135027 9.460330444751147
0.0146696273699 0.0131154299847 1.077655647125319 4.106563897251912
