1.2671339423904933 1.0386488489821035 [0.05333655] [0.05333655] Stable-Loss
2.0477425795977515 1.7633250827900189 [-0.11370767] [-0.11370767] Stable-Loss
1.2348366805844753 1.129511498059961 [0.14867242] [0.14867242] Stable-Loss
1.4863551306615237 1.121929984071249 [-0.11898112] [-0.11898112] Stable-Loss
1.437208970193948 1.2730549494319947 [-0.0852367] [-0.0852367] Stable-Loss
1.2365851880034342 1.188001514515076 [-0.02654613] [-0.02654613] Stable-Loss
1.1181319427474843 0.9980793878443346 [0.11303503] [0.11303503] Stable-Loss
0.9688313471092709 0.8181555688824911 [-0.06843658] [-0.06843658] Stable-Loss
1.7798144517315644 1.2888335620143254 [-0.07771021] [-0.07771021] Stable-Loss
1.2980662320879532 1.014300503256772 [-0.12296199] [-0.12296199] Stable-Loss
0.8582547700175678 0.7767598051309736 [-0.08071053] [-0.08071053] Stable-Loss
0.9996717705248548 0.8344938106201704 [0.00911592] [0.00911592] Stable-Loss
1.3732365414694085 1.1726033312592474 [-0.27102427] [-0.27102427] Stable-Loss
1.921656603154657 1.534315279261288 [-0.02323317] [-0.02323317] Stable-Loss
0.828693270351178 0.760850708346945 [0.09731974] [0.09731974] Stable-Loss
0.8328812151182151 0.7700644139033582 [0.09056778] [0.09056778] Stable-Loss
1.1994409517133506 0.9451784807133332 [0.14817413] [0.14817413] Stable-Loss
0.8649935457735054 0.7822816098396628 [-0.00928362] [-0.00928362] Stable-Loss
1.0911529252795829 1.0340726456999287 [-0.17919203] [-0.17919203] Stable-Loss
1.1704629586886877 1.1466829259123275 [-0.29738744] [-0.29738744] Stable-Loss
0.9039373050308795 0.7314470892537095 [0.06868228] [0.06868228] Stable-Loss
0.9870042096546492 0.9810414409266734 [-0.13751109] [-0.13751109] Stable-Loss
0.7729230854749654 0.7293868902671214 [0.07535278] [0.07535278] Stable-Loss
1.4279026960139758 1.182354227687323 [-0.15406647] [-0.15406647] Stable-Loss
1.4433762427157424 1.3802210817079175 [-0.05539789] [-0.05539789] Stable-Loss
2.026441378667946 1.6812393044315175 [-0.51504245] [-0.51504245] Stable-Loss
1.6083605120034785 1.41258357267314 [0.02900004] [0.02900004] Stable-Loss
0.9200743288144176 0.8913592352299623 [-0.1153719] [-0.1153719] Stable-Loss
1.067483399209219 0.9648795598226847 [0.06051549] [0.06051549] Stable-Loss
1.652142218629004 1.3966494353828827 [-0.12237239] [-0.12237239] Stable-Loss
1.7520663611390166 1.598194846817007 [-0.35255586] [-0.35255586] Stable-Loss
3.5217743936398787 3.152585179169734 [0.05153942] [0.05153942] Volatile-Loss
1.1328963852744183 0.9584732844974001 [-0.06535083] [-0.06535083] Stable-Loss
1.3426414363123735 1.134331574935694 [-0.3857017] [-0.3857017] Stable-Loss
1.0655021751922642 0.9251545808892175 [0.00057542] [0.00057542] Stable-Loss
1.4572100494538718 1.1671441665205078 [-0.20326354] [-0.20326354] Stable-Loss
0.9415809640671257 0.7511597889070102 [0.11358931] [0.11358931] Stable-Loss
1.805023400730536 1.489715753976339 [-0.14499828] [-0.14499828] Stable-Loss
1.4103478680912025 1.2973370540104157 [-0.16567375] [-0.16567375] Stable-Loss
1.0267691559510173 0.8948391663224607 [0.09392765] [0.09392765] Stable-Loss
0.8774376995495957 0.7971236593564093 [0.0896551] [0.0896551] Stable-Loss
1.2543853714250037 1.0426587970897607 [-0.31642902] [-0.31642902] Stable-Loss
1.855965388046745 1.6269572523528661 [-0.33400059] [-0.33400059] Stable-Loss
1.675460060183254 1.5631067532746143 [-0.32556096] [-0.32556096] Stable-Loss
0.9284276205715823 0.8345859336346765 [-0.01154955] [-0.01154955] Stable-Loss
1.0073787707404969 0.8874697498868558 [-0.0878221] [-0.0878221] Stable-Loss
1.6019131351386995 1.3983269491024441 [-0.33658241] [-0.33658241] Stable-Loss
1.0216848839427957 0.7608371212996408 [-0.04616738] [-0.04616738] Stable-Loss
1.8050150846338158 1.5221372598489398 [-0.00334643] [-0.00334643] Stable-Loss
1.8382149521129907 1.5597223560587248 [-0.3886053] [-0.3886053] Stable-Loss
0.8727214623076786 0.6674663747464965 [0.04024287] [0.04024287] Stable-Loss
1.7315708420010112 1.5465605608266952 [0.09339672] [0.09339672] Stable-Loss
1.043254409230965 1.0100134116468353 [-0.17209029] [-0.17209029] Stable-Loss
0.8965318449514965 0.707753356498741 [0.06358504] [0.06358504] Stable-Loss
1.0474034035199893 0.9135932093988663 [0.0245743] [0.0245743] Stable-Loss
1.6342015675571413 1.6500239049170098 [-0.14374476] [-0.14374476] Stable-Loss
1.1146663958444112 0.9741744437887938 [0.16778036] [0.16778036] Stable-Loss
1.4669627369895846 1.3115429984736444 [-0.04160689] [-0.04160689] Stable-Loss
1.1138318127722453 1.0570348537711451 [-0.15465103] [-0.15465103] Stable-Loss
1.0480110565354086 0.855002587843229 [-0.12712115] [-0.12712115] Stable-Loss
1.0325304063805465 0.9470584101524621 [-0.09368574] [-0.09368574] Stable-Loss
1.5627056592188924 1.369631322470364 [-0.24555553] [-0.24555553] Stable-Loss
0.9480350053948634 0.7774316078081719 [-0.06603034] [-0.06603034] Stable-Loss
1.3018114091507909 1.1731434093165911 [-0.04687037] [-0.04687037] Stable-Loss
1.7465153695477469 1.6328788237043965 [-0.14464769] [-0.14464769] Stable-Loss
1.4843024809137166 1.4690368694928309 [-0.39332479] [-0.39332479] Stable-Loss
1.4906055486536718 1.3275012915073845 [-0.10239937] [-0.10239937] Stable-Loss
1.0409939262682717 0.9312386630783913 [-0.10874666] [-0.10874666] Stable-Loss
1.2308970263234325 1.1146885249628435 [-0.10985432] [-0.10985432] Stable-Loss
1.1670175523766293 1.1281263652031295 [-0.23849324] [-0.23849324] Stable-Loss
1.1035343318857793 1.0154188624641862 [0.2176227] [0.2176227] Stable-Loss
1.1606772786684934 1.0375191867186357 [-0.12143207] [-0.12143207] Stable-Loss
1.3525289997781613 1.2072424048828678 [0.06293161] [0.06293161] Stable-Loss
1.631888901934121 1.4716819940283525 [-0.21405873] [-0.21405873] Stable-Loss
0.9252543258269013 0.7466191760712594 [-0.04898998] [-0.04898998] Stable-Loss
1.2021128266499985 1.0847067297448691 [-0.17172132] [-0.17172132] Stable-Loss
1.3160592347963922 1.2164841161675932 [-0.20402795] [-0.20402795] Stable-Loss
1.238582537245354 1.196573150898258 [0.02143495] [0.02143495] Stable-Loss
1.634446498527642 1.5252268575234045 [-0.10141445] [-0.10141445] Stable-Loss
0.8716125263904455 0.7863767675586161 [-0.04222428] [-0.04222428] Stable-Loss
1.1520748258034577 1.0380678923703366 [0.04034943] [0.04034943] Stable-Loss
1.2186264694281388 0.9549214656308344 [-0.17947758] [-0.17947758] Stable-Loss
1.3038317447937415 1.08475410845112 [-0.09258069] [-0.09258069] Stable-Loss
0.8857340023430039 0.7425208225047079 [0.00057653] [0.00057653] Stable-Loss
1.1763037328726487 1.0766278296386516 [-0.05793621] [-0.05793621] Stable-Loss
1.2985592916514888 1.0411764827174834 [-0.03789221] [-0.03789221] Stable-Loss
1.4107727283495681 1.197393311209903 [-0.24751291] [-0.24751291] Stable-Loss
1.1272415900241908 1.061419897083773 [-0.13316721] [-0.13316721] Stable-Loss
1.8266264663554768 1.5646825158457913 [-0.03329824] [-0.03329824] Stable-Loss
1.1258870394470077 0.9538880970743642 [-0.20282227] [-0.20282227] Stable-Loss
1.116698506612798 0.937087260781971 [0.19104196] [0.19104196] Stable-Loss
1.022907979625311 0.9753563042188234 [-0.04617053] [-0.04617053] Stable-Loss
1.5220797329589173 1.229723924248206 [0.04217791] [0.04217791] Stable-Loss
1.2293299484764864 1.0942323655711372 [0.16042687] [0.16042687] Stable-Loss
0.9317914831990031 0.9205522820194336 [0.09169581] [0.09169581] Stable-Loss
0.9772979741434193 0.864682034860804 [-0.06902984] [-0.06902984] Stable-Loss
1.047411507332265 0.8869649227204986 [0.16114399] [0.16114399] Stable-Loss
1.0679634850087292 1.0017299545091485 [-0.25691939] [-0.25691939] Stable-Loss
1.2216478442398693 0.9840970464582001 [0.06388291] [0.06388291] Stable-Loss
0.9146324150877556 0.7911633777197254 [0.13878329] [0.13878329] Stable-Loss
1.4527799198071205 1.336270415303536 [-0.03702547] [-0.03702547] Stable-Loss
1.2104746706274094 1.1670740840878464 [0.01177489] [0.01177489] Stable-Loss
0.8304755146905876 0.7455083410110096 [0.06485726] [0.06485726] Stable-Loss
1.3108676972786635 1.148367710185883 [-0.04123885] [-0.04123885] Stable-Loss
0.8177106286624684 0.7284320593279776 [0.00997745] [0.00997745] Stable-Loss
1.1009692875799626 1.0371090583497113 [-0.16585145] [-0.16585145] Stable-Loss
1.5764759308286975 1.4074353142219105 [0.03756664] [0.03756664] Stable-Loss
1.209128843069623 1.0097276903027332 [0.02943965] [0.02943965] Stable-Loss
1.3877799514524456 1.2340475891362277 [-0.09032849] [-0.09032849] Stable-Loss
1.0319381766661255 0.8305060026995593 [0.0006433] [0.0006433] Stable-Loss
2.13423815362829 1.9934902309151983 [-0.53190699] [-0.53190699] Volatile-Loss
1.2865791303415715 1.171497303297075 [-0.0992297] [-0.0992297] Stable-Loss
1.7754012264061085 1.3036990027311033 [-0.07810011] [-0.07810011] Stable-Loss
1.2441482533707062 0.9602543857422828 [0.04680526] [0.04680526] Stable-Loss
1.1139966635060923 0.982935008414824 [-0.03140215] [-0.03140215] Stable-Loss
1.1051296767113818 0.9074985972974132 [-0.16790586] [-0.16790586] Stable-Loss
1.7067953881397395 1.4566102711460338 [-0.13097356] [-0.13097356] Stable-Loss
1.133123081826562 0.8933880196946069 [-0.17998894] [-0.17998894] Stable-Loss
0.7976846459730121 0.7798492593607108 [-0.04034645] [-0.04034645] Stable-Loss
1.246563998004524 1.2082506289515447 [0.07621992] [0.07621992] Stable-Loss
1.0950193642532897 1.0233581874911994 [-0.08056134] [-0.08056134] Stable-Loss
1.730793705588301 1.4937758528781482 [-0.14898241] [-0.14898241] Stable-Loss
0.8777438478598045 0.7843226057795522 [0.05456072] [0.05456072] Stable-Loss
1.3094199756134195 1.127222561644708 [0.02713715] [0.02713715] Stable-Loss
1.5310214135915723 1.3517032054119045 [0.04515754] [0.04515754] Stable-Loss
1.1379461123659331 0.9809484585490308 [-0.12103046] [-0.12103046] Stable-Loss
1.0994113617486594 0.9293096560413159 [0.07582402] [0.07582402] Stable-Loss
0.9015585798994424 0.8451933143210528 [-0.23243343] [-0.23243343] Stable-Loss
1.4672626193088356 1.2777426344165566 [-0.20974457] [-0.20974457] Stable-Loss
1.003629362265692 0.8653343227343402 [0.01381281] [0.01381281] Stable-Loss
0.9530963267921837 0.8508469994808461 [0.02213059] [0.02213059] Stable-Loss
1.6650810165784073 1.4595952989304117 [0.07989479] [0.07989479] Stable-Loss
1.5741359700708581 1.4114425915727025 [0.0689223] [0.0689223] Stable-Loss
1.9672942258860535 1.692986971844971 [-0.1150184] [-0.1150184] Stable-Loss
0.9860140724807348 0.8365484720279547 [-0.08078188] [-0.08078188] Stable-Loss
1.2342774211006304 1.0764014964362598 [-0.03576] [-0.03576] Stable-Loss
1.000335528603054 0.9359035196123013 [-0.00171614] [-0.00171614] Stable-Loss
0.9861508597206305 0.7592084281671132 [-0.04356719] [-0.04356719] Stable-Loss
1.0521002761224894 0.8886861615887395 [-0.04987742] [-0.04987742] Stable-Loss
0.7945185184063109 0.7483331798163612 [0.07781878] [0.07781878] Stable-Loss
0.8427694624395308 0.7420266985357461 [0.08834603] [0.08834603] Stable-Loss
1.5865330304870096 1.4379731888755303 [-0.17641678] [-0.17641678] Stable-Loss
1.7609255595490352 1.513265076594934 [-0.49676628] [-0.49676628] Stable-Loss
1.275427193557075 1.2491916094758035 [-0.22238421] [-0.22238421] Stable-Loss
1.3442707137952727 1.1502703936393683 [-0.36738052] [-0.36738052] Stable-Loss
1.5675558079401914 1.3262013944595907 [-0.53115791] [-0.53115791] Stable-Loss
1.237370981051662 1.1080119934257886 [-0.23016718] [-0.23016718] Stable-Loss
0.8215106643744274 0.6872517372093099 [0.0622739] [0.0622739] Stable-Loss
0.909807933975674 0.7627928718994127 [0.00587654] [0.00587654] Stable-Loss
1.0484349763598748 0.9911389564310206 [-0.27582311] [-0.27582311] Stable-Loss
1.3116649891161472 0.9742364039299043 [-0.1238451] [-0.1238451] Stable-Loss
1.2426017177360797 1.4358700327497733 [-0.023153] [-0.023153] Stable-Loss
1.2131392617859849 1.0440388922189914 [-0.29988697] [-0.29988697] Stable-Loss
1.1549594654431057 0.984660005196384 [-0.12375901] [-0.12375901] Stable-Loss
1.5417921089152689 1.349181118927351 [-0.22130862] [-0.22130862] Stable-Loss
1.029942131446322 0.8787606883484286 [-0.1649644] [-0.1649644] Stable-Loss
0.8864227294208606 0.7606596804996929 [0.04907455] [0.04907455] Stable-Loss
1.9312769739834312 1.8049040760009194 [-0.44341811] [-0.44341811] Stable-Loss
0.8221343632991117 0.7216746065018815 [0.11305481] [0.11305481] Stable-Loss
0.9527661731945917 0.737114025415843 [0.07727478] [0.07727478] Stable-Loss
1.330895155256168 1.1882868438009186 [-0.26691193] [-0.26691193] Stable-Loss
1.0700748479318622 0.9930762058431747 [-0.10847475] [-0.10847475] Stable-Loss
0.8593335645160833 0.720204672458572 [0.05818557] [0.05818557] Stable-Loss
1.6159335796522887 1.3509672480720905 [0.07060885] [0.07060885] Stable-Loss
0.7935837084818219 0.7095788349572046 [0.07258069] [0.07258069] Stable-Loss
1.1775609168123937 1.0224913388058372 [-0.05186349] [-0.05186349] Stable-Loss
1.2317576464702467 1.1593833001545828 [-0.09750442] [-0.09750442] Stable-Loss
0.9420179873613953 0.7879036098876244 [-0.02425913] [-0.02425913] Stable-Loss
1.3019098717952597 1.1153319030663804 [-0.18048827] [-0.18048827] Stable-Loss
1.2023442472668284 1.0849527765153806 [-0.0312423] [-0.0312423] Stable-Loss
1.7223563363273746 1.4245952782774451 [-0.34434081] [-0.34434081] Stable-Loss
1.3616961005978685 1.1020127966264914 [-0.30494994] [-0.30494994] Stable-Loss
1.9940201912464615 2.0138944276258366 [-0.40015991] [-0.40015991] Volatile-Loss
1.2941627387999617 1.179668101165586 [-0.19658757] [-0.19658757] Stable-Loss
0.9030803883729559 0.7941220359815621 [0.05903094] [0.05903094] Stable-Loss
1.2754575472429908 1.0095585850943178 [-0.05833057] [-0.05833057] Stable-Loss
0.9299485023620192 0.6904768432904373 [-0.03500579] [-0.03500579] Stable-Loss
1.0131842318673971 0.7907342746495347 [-0.01208809] [-0.01208809] Stable-Loss
1.1583150513959812 0.9793123504166295 [-0.15730896] [-0.15730896] Stable-Loss
1.7509735985911767 1.4765353111797985 [0.02472634] [0.02472634] Stable-Loss
1.2674018756197607 1.0840530307289227 [-0.23473212] [-0.23473212] Stable-Loss
1.5713066202544816 1.47360195474139 [-0.31834909] [-0.31834909] Stable-Loss
1.5619686554774488 1.5492556867708234 [-0.01505449] [-0.01505449] Stable-Loss
1.270969343584104 1.1454940673449907 [-0.11340683] [-0.11340683] Stable-Loss
0.6037715849458548 0.5159283498942341 [0.04835231] [0.04835231] Stable-Loss
0.5825086492179 0.5172074765445315 [0.04433938] [0.04433938] Stable-Loss
0.946909487715474 0.7404098509810855 [0.00450326] [0.00450326] Stable-Loss
1.6559344759870878 1.6057293414822162 [-0.32746468] [-0.32746468] Stable-Loss
1.0433519244113518 0.9169230889180129 [-0.11218008] [-0.11218008] Stable-Loss
1.0571530537008516 0.9843128658188078 [-0.13483749] [-0.13483749] Stable-Loss
1.955755961898727 1.947781280670616 [-0.50834526] [-0.50834526] Stable-Loss
1.2444542890526415 1.0433887605249828 [-0.12478366] [-0.12478366] Stable-Loss
1.2205339826776738 1.1361887487314948 [-0.10106172] [-0.10106172] Stable-Loss
1.329889176182811 1.1227959649810098 [0.01044764] [0.01044764] Stable-Loss
1.4063816272100822 1.488267277428585 [-0.0880992] [-0.0880992] Stable-Loss
1.3044044175038172 0.973524214158868 [-0.14347251] [-0.14347251] Stable-Loss
1.3144886524681896 1.001440986260831 [-0.14676773] [-0.14676773] Stable-Loss
0.845000793686087 0.736826099604912 [0.03115159] [0.03115159] Stable-Loss
1.2780293141957162 1.0478520251235615 [-0.10659943] [-0.10659943] Stable-Loss
1.5781148793602064 1.27653921129424 [-0.16476229] [-0.16476229] Stable-Loss
0.9957572653098068 0.8944519697525879 [0.01003156] [0.01003156] Stable-Loss
1.2065021895464358 1.1261052379934542 [-0.22176348] [-0.22176348] Stable-Loss
1.5929956413694026 1.4076879680517045 [-0.08985238] [-0.08985238] Stable-Loss
1.2820939764544914 1.2812647545591689 [-0.16147782] [-0.16147782] Stable-Loss
1.420606917350473 1.4103492409412555 [-0.35304724] [-0.35304724] Stable-Loss
1.1770261635040722 1.046192528463238 [-0.10564711] [-0.10564711] Stable-Loss
1.0352018134697751 0.9078683431924849 [-0.16045397] [-0.16045397] Stable-Loss
1.7340052424671428 1.5746562404996285 [-0.37012711] [-0.37012711] Stable-Loss
1.2084924552192229 1.167513197696078 [0.13309142] [0.13309142] Stable-Loss
1.047383739266034 0.8385752222161789 [0.09868232] [0.09868232] Stable-Loss
0.9762534355410022 0.9292966988672695 [-0.14358883] [-0.14358883] Stable-Loss
1.8135887645985171 1.6993895968762014 [-0.24614134] [-0.24614134] Stable-Loss
0.9032415391781959 0.9368801782212962 [-0.19486661] [-0.19486661] Stable-Loss
1.3586705020779188 1.1475447351378234 [-0.12820817] [-0.12820817] Stable-Loss
1.1701652842010848 1.0165300040951593 [-0.10532796] [-0.10532796] Stable-Loss
1.2810921827964599 1.3512417045259235 [-0.14600001] [-0.14600001] Stable-Loss
1.209896458662223 1.0625656445800813 [0.01900672] [0.01900672] Stable-Loss
0.9487375282165252 0.8347318264937682 [-0.04458555] [-0.04458555] Stable-Loss
1.705452875358289 1.6678702524844748 [-0.09051701] [-0.09051701] Stable-Loss
1.528548495720331 1.403563611864996 [-0.08423136] [-0.08423136] Stable-Loss
1.2730318170566168 1.0068651715325387 [-0.04769728] [-0.04769728] Stable-Loss
1.2027109980270136 0.9858359153182984 [0.08730527] [0.08730527] Stable-Loss
0.9711509847297998 0.8438603027239304 [0.18555303] [0.18555303] Stable-Loss
1.2510631873185412 1.1249032646892763 [-0.07808009] [-0.07808009] Stable-Loss
1.1614288425905521 1.239017670873148 [0.08327726] [0.08327726] Stable-Loss
1.0943049929508863 0.8978325180283485 [-0.16838771] [-0.16838771] Stable-Loss
0.997682823301103 0.8915636363044923 [0.1185032] [0.1185032] Stable-Loss
1.1132515877566604 1.0266650021533053 [-0.03094889] [-0.03094889] Stable-Loss
1.1141628457823902 0.9952548282520542 [-0.21181818] [-0.21181818] Stable-Loss
0.9096484140777935 0.7652628596498678 [0.04049033] [0.04049033] Stable-Loss
1.464935342551077 1.0839951653160065 [-0.2225519] [-0.2225519] Stable-Loss
0.9767128058983618 0.8279172342238593 [0.07258875] [0.07258875] Stable-Loss
1.7904264726610382 1.5651519142843735 [0.00326348] [0.00326348] Stable-Loss
1.6363099808391803 1.4817611009910647 [-0.06305798] [-0.06305798] Stable-Loss
0.995947519934595 0.820352054950717 [-0.05931668] [-0.05931668] Stable-Loss
1.5019626412231275 1.1591313222959867 [-0.05787901] [-0.05787901] Stable-Loss
1.419560552801451 1.0957443103890583 [-0.0363872] [-0.0363872] Stable-Loss
1.345433409300819 1.0654795349885162 [-0.21017731] [-0.21017731] Stable-Loss
1.3370092130145965 1.1922381583590147 [0.00319993] [0.00319993] Stable-Loss
2.2923514718564686 1.718607642617449 [-0.52997561] [-0.52997561] Volatile-Loss
1.2475531168142227 1.2061108290454219 [0.03784302] [0.03784302] Stable-Loss
1.0821973633255388 0.916522676008273 [0.03305375] [0.03305375] Stable-Loss
1.205283861671689 0.91551099434233 [-0.08855663] [-0.08855663] Stable-Loss
1.636508934942469 1.351211288517134 [-0.04539883] [-0.04539883] Stable-Loss
1.1960812134518475 1.0272513127603204 [0.0072331] [0.0072331] Stable-Loss
1.1325830888469508 1.0436230058578266 [-0.08206142] [-0.08206142] Stable-Loss
1.4870320240180042 1.397287966530087 [-0.33957034] [-0.33957034] Stable-Loss
1.161092600185592 1.0381688181468678 [-0.20480237] [-0.20480237] Stable-Loss
1.241668504032086 1.2114099040332365 [-0.12749102] [-0.12749102] Stable-Loss
1.3216774547512882 1.1002917196059974 [-0.04853286] [-0.04853286] Stable-Loss
0.8796293731402114 0.8181172004862702 [0.07914969] [0.07914969] Stable-Loss
1.1828167878818219 1.043437309964675 [0.01846648] [0.01846648] Stable-Loss
1.028988015938404 0.903036679949555 [-0.07951509] [-0.07951509] Stable-Loss
1.7596907204165024 1.4348589144372859 [-0.02701] [-0.02701] Stable-Loss
0.9622905736749552 0.9189376829198905 [-0.160151] [-0.160151] Stable-Loss
1.2456445570101056 1.0370465084232547 [-0.23621874] [-0.23621874] Stable-Loss
1.2139547775956459 1.1787009990891253 [-0.24086743] [-0.24086743] Stable-Loss
1.2184798737914206 1.1011739432796122 [-0.07235902] [-0.07235902] Stable-Loss
1.6820803063773804 1.385974662357351 [-0.19532952] [-0.19532952] Stable-Loss
1.1216931940589068 1.0172598865058453 [0.02465593] [0.02465593] Stable-Loss
1.097539822391256 0.9348784621961707 [-0.08706868] [-0.08706868] Stable-Loss
1.1492144708591379 1.155646672053157 [-0.19044998] [-0.19044998] Stable-Loss
0.700643961823912 0.6594706425373618 [0.07773543] [0.07773543] Stable-Loss
1.4428025779465095 1.2135072159908116 [-0.01075962] [-0.01075962] Stable-Loss
1.7250742559717611 1.4441123927879422 [-0.09443868] [-0.09443868] Stable-Loss
1.2261608442185463 1.090438184767565 [-0.13912151] [-0.13912151] Stable-Loss
0.9251131430446797 0.7661076185584587 [-0.07592862] [-0.07592862] Stable-Loss
2.1232316673988847 1.9421276781232018 [-0.04356824] [-0.04356824] Volatile-Loss
1.1255773533564721 0.9568519937164923 [-0.20725373] [-0.20725373] Stable-Loss
1.5079238874703222 1.2501803919791168 [-0.27558198] [-0.27558198] Stable-Loss
1.0325022383332838 0.9271533998891607 [-0.22268442] [-0.22268442] Stable-Loss
1.228121970549481 1.1275885028300239 [-0.27112109] [-0.27112109] Stable-Loss
1.2134047397772827 1.044333757870833 [-0.11355215] [-0.11355215] Stable-Loss
1.0915086166783396 0.9201892564499239 [0.18550325] [0.18550325] Stable-Loss
1.0708669055673068 1.0068541245973337 [-0.0980538] [-0.0980538] Stable-Loss
1.3199575304837305 1.2775137882855836 [-0.13232033] [-0.13232033] Stable-Loss
0.8550176821513239 0.8121959930895744 [0.03727843] [0.03727843] Stable-Loss
1.162971141618624 1.1465295872691466 [-0.08076287] [-0.08076287] Stable-Loss
1.6943802064127778 1.6253604730365374 [-0.24644665] [-0.24644665] Stable-Loss
1.2279706501074006 1.1939112124826476 [-0.10925793] [-0.10925793] Stable-Loss
1.1681925518074125 1.0962359372600088 [-0.24736457] [-0.24736457] Stable-Loss
1.8384629321393107 1.58001750731422 [-0.17645121] [-0.17645121] Stable-Loss
1.467192828364915 1.0679340103582873 [-0.05122049] [-0.05122049] Stable-Loss
0.9022940669764603 0.7084937652775408 [-0.00958215] [-0.00958215] Stable-Loss
1.1210154758223054 0.9923352084266778 [-0.21392859] [-0.21392859] Stable-Loss
1.261995904101196 1.0102574532655906 [-0.14065215] [-0.14065215] Stable-Loss
1.1792897372254831 1.059242253770114 [-0.27208135] [-0.27208135] Stable-Loss
1.5906686098047553 1.4405051471178145 [-0.28884371] [-0.28884371] Stable-Loss
0.8573721692459516 0.7744533614885546 [0.15248118] [0.15248118] Stable-Loss
1.613902207940399 1.4551995868712322 [-0.28429333] [-0.28429333] Stable-Loss
1.2398185761775646 1.129003273983142 [-0.08626573] [-0.08626573] Stable-Loss
1.19565557087605 1.0281367758506943 [-0.20372526] [-0.20372526] Stable-Loss
0.8255197270714174 0.798312178378899 [0.01106023] [0.01106023] Stable-Loss
0.8892222296589418 0.7160793637728685 [0.03961994] [0.03961994] Stable-Loss
1.2350661846287316 1.1536510963250683 [-0.07826801] [-0.07826801] Stable-Loss
1.8803734851652698 1.6300338324386643 [-0.15142032] [-0.15142032] Stable-Loss
1.4970587745615023 1.2659196503069665 [-0.55404482] [-0.55404482] Stable-Loss
0.9367685117498646 0.8258689840514051 [0.2240705] [0.2240705] Stable-Loss
1.2615311461603267 1.1752273365208354 [-0.20792715] [-0.20792715] Stable-Loss
0.8755413375332128 0.6746648587291515 [-0.01589281] [-0.01589281] Stable-Loss
1.1070238227228006 1.005218136188928 [-0.03574219] [-0.03574219] Stable-Loss
1.2027493035309147 1.0678277629797683 [-0.12582485] [-0.12582485] Stable-Loss
1.1787888022686175 1.0398613207406358 [-0.06133227] [-0.06133227] Stable-Loss
1.5782695084523624 1.4626276094019215 [0.12178725] [0.12178725] Stable-Loss
1.5658639831555101 1.4793830923137579 [-0.20004076] [-0.20004076] Stable-Loss
0.9034818059515205 0.8012487252846531 [0.17504987] [0.17504987] Stable-Loss
2.0422901595269805 1.8324435253884708 [-0.27047202] [-0.27047202] Stable-Loss
1.2179453377942437 1.2213189804473086 [-0.1598017] [-0.1598017] Stable-Loss
1.3356125260245777 1.0032085561234725 [0.00081378] [0.00081378] Stable-Loss
1.129476646231799 0.8828851847814502 [0.02358126] [0.02358126] Stable-Loss
0.9484696599495208 0.831034798654689 [-0.11448411] [-0.11448411] Stable-Loss
1.215704477866595 1.048275630108146 [-9.08593846e-05] [-9.08593846e-05] Stable-Loss
2.1166252684214957 1.7938260577263037 [-0.43462545] [-0.43462545] Stable-Loss
1.5187282034783902 1.3186370325549222 [-0.19244511] [-0.19244511] Stable-Loss
1.4708755823065665 1.3548767864761595 [-0.25484747] [-0.25484747] Stable-Loss
1.912313888013504 1.6641392723831698 [-0.40187834] [-0.40187834] Stable-Loss
1.2958766598366211 1.3252128116802349 [-0.06282407] [-0.06282407] Stable-Loss
0.9810892204873075 0.8382152358906656 [-0.09128757] [-0.09128757] Stable-Loss
0.779736119613861 0.6844632725761065 [0.04739074] [0.04739074] Stable-Loss
1.346961194395892 1.100218369344063 [-0.0818496] [-0.0818496] Stable-Loss
2.359358346186664 1.843031287349293 [-0.29878881] [-0.29878881] Volatile-Loss
5.256244770574779 4.95705577400806 [-0.33746847] [-0.33746847] Volatile-Loss
1.0034234654558012 0.7661696842883271 [-0.01535023] [-0.01535023] Stable-Loss
1.282112952168755 1.059427906221381 [-0.07085287] [-0.07085287] Stable-Loss
2.3352707740569554 1.9245223085112215 [-0.39246955] [-0.39246955] Volatile-Loss
1.5418156305795667 1.5522137425954552 [-0.082794] [-0.082794] Stable-Loss
1.2011545734145497 1.0778954034395514 [-0.16648183] [-0.16648183] Stable-Loss
1.4866686816164747 1.4579274538455835 [-0.40056919] [-0.40056919] Stable-Loss
1.351086794768463 1.1242022991193852 [0.2166486] [0.2166486] Stable-Loss
1.2069163940712981 1.074457508912147 [-0.03755883] [-0.03755883] Stable-Loss
1.8121249294355108 1.2412453135048318 [-0.20593462] [-0.20593462] Stable-Loss
1.1508472402447623 1.0881057144073705 [-0.192472] [-0.192472] Stable-Loss
1.2499635200793688 1.1264309937762542 [-0.12387571] [-0.12387571] Stable-Loss
2.2747434904010353 1.6953971874402376 [-0.45131532] [-0.45131532] Stable-Loss
1.8684928637663176 1.7118176639715346 [-0.21956117] [-0.21956117] Stable-Loss
1.230977853978597 1.0788105123217073 [-0.18221852] [-0.18221852] Stable-Loss
1.2394533186802419 1.119267217972021 [-0.18204246] [-0.18204246] Stable-Loss
0.9143522923462176 0.6641283449505072 [0.14219677] [0.14219677] Stable-Loss
1.1655207542665695 0.975415046223398 [-0.16577645] [-0.16577645] Stable-Loss
1.0929031435237757 0.925902390125911 [0.06165412] [0.06165412] Stable-Loss
1.023534484264581 0.8075215287301436 [-0.00757695] [-0.00757695] Stable-Loss
1.1906163178976277 0.9383871047639523 [0.13786317] [0.13786317] Stable-Loss
1.2212465657534781 1.0308525593591746 [-0.22176257] [-0.22176257] Stable-Loss
0.9021433323648603 0.848462987687662 [-0.0581305] [-0.0581305] Stable-Loss
0.9493660177618255 0.8329594658869847 [-0.1930514] [-0.1930514] Stable-Loss
1.2274923886490434 1.2147296799838256 [-0.10826398] [-0.10826398] Stable-Loss
2.064450106729067 1.8118942679777792 [-0.40239739] [-0.40239739] Stable-Loss
0.8894065467204874 0.8615477576550903 [0.03755128] [0.03755128] Stable-Loss
0.9145906270760337 0.8342464913695262 [0.0126068] [0.0126068] Stable-Loss
0.9870032537384663 0.7607063069498123 [0.12672007] [0.12672007] Stable-Loss
1.290756623868835 1.2441835024700303 [-0.18463165] [-0.18463165] Stable-Loss
0.8338732004052845 0.7520378688171404 [0.15345853] [0.15345853] Stable-Loss
1.1407079301087963 1.0162072795089385 [0.05222901] [0.05222901] Stable-Loss
1.2632104370409847 1.143181068281652 [-0.04936331] [-0.04936331] Stable-Loss
1.4758060467128922 1.2251177027167748 [-0.15516361] [-0.15516361] Stable-Loss
1.2972848601887454 1.1254139690021143 [-0.23825442] [-0.23825442] Stable-Loss
1.4139386529149967 1.2465759098084122 [0.02058957] [0.02058957] Stable-Loss
1.118860495521904 0.8217862811238961 [-0.01715597] [-0.01715597] Stable-Loss
1.0939952370841848 1.1800245122544453 [-0.01666035] [-0.01666035] Stable-Loss
1.0172972377070513 0.9017743668690837 [-0.13814727] [-0.13814727] Stable-Loss
1.0725838337151568 1.0027985932351098 [-0.088823] [-0.088823] Stable-Loss
0.8591793244321112 0.7434235393135966 [0.10391881] [0.10391881] Stable-Loss
1.1104015807379728 0.975297124040409 [-0.03909634] [-0.03909634] Stable-Loss
1.0381590582475748 0.8597532058104793 [0.05031766] [0.05031766] Stable-Loss
1.6678985647705837 1.5967189678870397 [-0.28884201] [-0.28884201] Stable-Loss
1.235296281853643 1.1209713661144654 [-0.10975858] [-0.10975858] Stable-Loss
0.9419227345684712 0.8049176478247502 [-0.07894439] [-0.07894439] Stable-Loss
1.3316489893157062 1.1659069710162073 [-0.24925404] [-0.24925404] Stable-Loss
1.473302936455918 1.3919228907325287 [-0.38407122] [-0.38407122] Stable-Loss
1.2304288013628448 0.9944931849783034 [-0.06332341] [-0.06332341] Stable-Loss
1.585412645160611 1.4244868073211066 [-0.26264566] [-0.26264566] Stable-Loss
1.7509954240330157 1.3890481608876353 [-0.03956281] [-0.03956281] Stable-Loss
1.245632771558039 1.1046373448717173 [-0.07628761] [-0.07628761] Stable-Loss
1.779517116856762 1.3632359340009 [-0.26692055] [-0.26692055] Stable-Loss
1.41051870184518 1.3417578812349258 [-0.06721841] [-0.06721841] Stable-Loss
1.0016953102232309 0.896705769637103 [-0.03437519] [-0.03437519] Stable-Loss
0.9532753401421972 0.8175640003187215 [-0.01620461] [-0.01620461] Stable-Loss
1.4229794574341914 1.1772342102905355 [-0.02442247] [-0.02442247] Stable-Loss
1.2337122533596254 1.0799680054202265 [-0.21897385] [-0.21897385] Stable-Loss
1.3686436078831057 1.18207583609535 [-0.21776042] [-0.21776042] Stable-Loss
1.2448346711822127 1.0684200373475485 [0.20256985] [0.20256985] Stable-Loss
1.2600988207300692 1.140365945538103 [-0.20625313] [-0.20625313] Stable-Loss
1.622809935301319 1.5496011926358042 [-0.18384607] [-0.18384607] Stable-Loss
1.09931783174116 0.9716600038830224 [0.00718802] [0.00718802] Stable-Loss
1.3070888078951646 1.0904574407005585 [-0.08194567] [-0.08194567] Stable-Loss
1.1273855478715773 1.0077645832640545 [-0.03579306] [-0.03579306] Stable-Loss
1.1830793776303306 1.1173526495925048 [-0.02586639] [-0.02586639] Stable-Loss
2.234684400301265 2.0123484620453755 [-0.15643288] [-0.15643288] Volatile-Loss
0.6847302076443679 0.5976396132636336 [0.04230889] [0.04230889] Stable-Loss
1.099231186988329 0.9199558629071835 [-0.16121841] [-0.16121841] Stable-Loss
0.9166964690457491 0.7408070490419456 [0.04205216] [0.04205216] Stable-Loss
0.9581861884215574 0.91718261864862 [0.26530493] [0.26530493] Stable-Loss
1.3387077589367784 1.2581204709805989 [-0.18379445] [-0.18379445] Stable-Loss
1.200997469795384 1.1366376120311397 [-0.21391046] [-0.21391046] Stable-Loss
1.0477200428128635 0.9912939457094101 [-0.09021509] [-0.09021509] Stable-Loss
1.6273153743570177 1.5545048784835955 [-0.36786809] [-0.36786809] Stable-Loss
1.274544627427244 1.1592851806779552 [-0.07201453] [-0.07201453] Stable-Loss
1.1882896533000082 1.1931637332151515 [-0.43541988] [-0.43541988] Stable-Loss
0.9367529054103353 0.8961405806523368 [-0.15231081] [-0.15231081] Stable-Loss
1.135515308715032 1.001358064129963 [-0.1114205] [-0.1114205] Stable-Loss
1.193758940574197 0.9529261061564022 [-0.05721445] [-0.05721445] Stable-Loss
0.9110187449122117 0.7752659841831887 [-0.026028] [-0.026028] Stable-Loss
0.984001271668411 0.7831451554112461 [0.03262662] [0.03262662] Stable-Loss
1.087025243892855 0.9637288994226205 [-0.18915935] [-0.18915935] Stable-Loss
1.1856033621664404 1.1002254380772538 [-0.45158438] [-0.45158438] Stable-Loss
0.8474718114929995 0.843622752708697 [-0.02010423] [-0.02010423] Stable-Loss
1.1000748136532532 0.986698404889502 [-0.2420174] [-0.2420174] Stable-Loss
1.261958541860075 1.214313684735618 [-0.30634599] [-0.30634599] Stable-Loss
1.6391010355538878 1.474210970854296 [-0.35122402] [-0.35122402] Stable-Loss
1.165574483895394 1.0137933966107076 [-0.13795928] [-0.13795928] Stable-Loss
1.5266477216348564 1.3612135658038471 [-0.14601381] [-0.14601381] Stable-Loss
1.440304875611704 1.2500447735092335 [-0.31419776] [-0.31419776] Stable-Loss
1.4011496863572055 1.218299704945939 [-0.25625928] [-0.25625928] Stable-Loss
1.049781573517313 0.8175964583149824 [-0.0326466] [-0.0326466] Stable-Loss
1.6008810243408949 1.5897942529386482 [0.02833431] [0.02833431] Stable-Loss
0.9461879770759315 0.7880472745635325 [-0.09038417] [-0.09038417] Stable-Loss
1.050184903052678 0.9248256496125716 [-0.07208602] [-0.07208602] Stable-Loss
1.318784570581935 1.2621180469120075 [-0.0987318] [-0.0987318] Stable-Loss
1.3152354842633691 1.221966833058828 [-0.04606014] [-0.04606014] Stable-Loss
1.0939383981111561 0.9387929348055333 [-0.23101068] [-0.23101068] Stable-Loss
1.199512162911624 0.9475971819343593 [-0.12025272] [-0.12025272] Stable-Loss
1.4734796179126857 1.365087962955308 [-0.3886594] [-0.3886594] Stable-Loss
1.0013814526871965 0.8603265591830154 [-0.03111121] [-0.03111121] Stable-Loss
1.0019959869799777 0.8838265524348349 [-0.05677801] [-0.05677801] Stable-Loss
1.0697735719110903 1.0324224221127787 [0.05549768] [0.05549768] Stable-Loss
1.3238207779322477 1.2717349687594806 [-0.26695683] [-0.26695683] Stable-Loss
1.817953862427866 1.6307694920543636 [0.03637378] [0.03637378] Stable-Loss
1.157108237560946 0.9668772103029207 [-0.25329385] [-0.25329385] Stable-Loss
0.9406977975536344 0.8613669903068512 [-0.03351412] [-0.03351412] Stable-Loss
1.3076785963566624 1.1313034352238631 [0.12771271] [0.12771271] Stable-Loss
1.1083866927107495 0.9674406865103193 [-0.11420851] [-0.11420851] Stable-Loss
1.1574450017820617 1.0249172565251727 [-0.07489557] [-0.07489557] Stable-Loss
2.005164701965249 1.6405936112091692 [-0.14142726] [-0.14142726] Stable-Loss
1.3537669152865381 1.10777502189278 [-0.18880813] [-0.18880813] Stable-Loss
1.1450307292817041 1.0493363175566917 [-0.27488775] [-0.27488775] Stable-Loss
2.1077320730373095 1.862491965017363 [-0.03726978] [-0.03726978] Stable-Loss
2.2592614249834746 1.9665679711402941 [-0.03121415] [-0.03121415] Volatile-Loss
1.3341696502436926 1.0498292170992949 [0.13466183] [0.13466183] Stable-Loss
0.9279825845358907 0.7544918575850892 [0.08026441] [0.08026441] Stable-Loss
1.1044347772769905 1.1571097366445515 [0.05710414] [0.05710414] Stable-Loss
1.5326450021334894 1.3802073619390143 [0.11013833] [0.11013833] Stable-Loss
1.0328270913785493 0.8917135855462247 [0.02953163] [0.02953163] Stable-Loss
1.5007202030244564 1.3915903026041603 [-0.13019827] [-0.13019827] Stable-Loss
1.0867870947983895 0.9427390220553373 [-0.0091163] [-0.0091163] Stable-Loss
1.093317783311533 0.9312120026259036 [-0.10429081] [-0.10429081] Stable-Loss
2.022195074715729 1.836129928280203 [-0.33095171] [-0.33095171] Stable-Loss
0.8294902588354626 0.7724244052320981 [-0.0350802] [-0.0350802] Stable-Loss
1.0635532713614575 1.0186453867025562 [-0.09784483] [-0.09784483] Stable-Loss
1.2529724109046303 0.9093749792189484 [-0.02247895] [-0.02247895] Stable-Loss
1.1691692950378256 1.1342137655529094 [0.0225469] [0.0225469] Stable-Loss
1.2476574572180261 1.063582852803784 [-0.1514371] [-0.1514371] Stable-Loss
1.5294593054602033 1.4477385723460283 [0.01396835] [0.01396835] Stable-Loss
1.46444185411341 1.3697151861573846 [-0.36682623] [-0.36682623] Stable-Loss
1.4661162700217039 1.2798027784647352 [-0.19096989] [-0.19096989] Stable-Loss
0.956219240080833 0.7480880748786278 [-0.09773132] [-0.09773132] Stable-Loss
0.9430345263442665 0.8043134884549574 [0.02354438] [0.02354438] Stable-Loss
1.399043022827386 1.2510139458129812 [0.01741325] [0.01741325] Stable-Loss
1.401765671699744 1.1700210924683656 [-0.03486183] [-0.03486183] Stable-Loss
1.0227471586639334 0.8571337193753414 [0.05350173] [0.05350173] Stable-Loss
0.904799917973801 0.8595468833694936 [0.11131287] [0.11131287] Stable-Loss
0.9870286911108054 0.8398588068304494 [-0.0190483] [-0.0190483] Stable-Loss
1.1285173915252822 0.9324216575638995 [0.18568127] [0.18568127] Stable-Loss
1.7567837260548362 1.509360398579766 [-0.56775906] [-0.56775906] Stable-Loss
0.8646006490880964 0.7710039860692267 [0.08850932] [0.08850932] Stable-Loss
1.0585964952262792 0.8577923623933597 [0.10902619] [0.10902619] Stable-Loss
0.9679369396514729 0.8671469320374553 [-0.15486531] [-0.15486531] Stable-Loss
1.4841807335534603 1.347484807756604 [-0.21961442] [-0.21961442] Stable-Loss
0.8860314286421512 0.7625408720874688 [-0.00593537] [-0.00593537] Stable-Loss
0.714927720195584 0.6557734066572308 [0.04382479] [0.04382479] Stable-Loss
1.1053349958011498 1.0690931894621927 [-0.20999204] [-0.20999204] Stable-Loss
0.9272111249548014 0.8972964715737624 [0.07188019] [0.07188019] Stable-Loss
1.2995246066801498 1.094911621486613 [-0.30994733] [-0.30994733] Stable-Loss
0.8732399405331388 0.7656170108314221 [-0.10307772] [-0.10307772] Stable-Loss
1.2122251663146426 0.9578020805208093 [-0.37706104] [-0.37706104] Stable-Loss
2.1663833523647043 2.039794702955492 [-0.44212454] [-0.44212454] Volatile-Loss
1.7818244242899197 1.613143515825665 [-0.23593233] [-0.23593233] Stable-Loss
0.8785675121387657 0.7732916806031127 [0.10268003] [0.10268003] Stable-Loss
1.7158299585590744 1.4189094526483292 [0.23319372] [0.23319372] Stable-Loss
0.9973387515841657 0.9164563792166099 [-0.07465121] [-0.07465121] Stable-Loss
1.3301173957864159 1.264452392439349 [-0.19835216] [-0.19835216] Stable-Loss
1.2849879816134688 1.1966416812454748 [-0.04967169] [-0.04967169] Stable-Loss
1.2178443123534675 1.1914041939888749 [-0.06741985] [-0.06741985] Stable-Loss
0.8121722787272773 0.8365413060649505 [0.12196218] [0.12196218] Stable-Loss
1.0650622367994982 1.0153957339095774 [-0.07330045] [-0.07330045] Stable-Loss
1.1460459707476622 1.0313971930259278 [-0.18473036] [-0.18473036] Stable-Loss
1.0962321940108288 0.9153701694596835 [0.01913309] [0.01913309] Stable-Loss
3.327120391918724 3.2547689791045014 [-0.1505541] [-0.1505541] Volatile-Loss
8.480019670750526 9.251615778430388 [-0.08259929] [-0.08259929] Volatile-Loss
2.2674240600282736 2.4659399186998123 [0.07336118] [0.07336118] Volatile-Loss
2.508024336724877 3.0869163527824943 [-0.12954703] [-0.12954703] Volatile-Loss
2.181084946221394 1.694985313803756 [0.11194722] [0.11194722] Stable-Loss
3.0456476051710237 2.959068832324868 [-0.15590549] [-0.15590549] Volatile-Loss
3.4480857060735817 3.187342351676915 [-0.3850666] [-0.3850666] Volatile-Loss
4.374800368117953 4.7688595724786325 [-0.67425922] [-0.67425922] Volatile-Loss
4.323876352011434 7.273560880015246 [-0.2425674] [-0.2425674] Volatile-Loss
3.0338627425698017 3.121405556565665 [-0.33655048] [-0.33655048] Volatile-Loss
2.6104253129664214 2.2259163004485325 [-0.89682635] [-0.89682635] Volatile-Loss
2.3745758696230843 1.8572968769194467 [-0.36892139] [-0.36892139] Volatile-Loss
2.4359926670664804 2.370274453385933 [-0.06710838] [-0.06710838] Volatile-Loss
3.010097899222094 2.649740159253523 [-0.50926881] [-0.50926881] Volatile-Loss
2.9576076744393944 3.02869260776316 [-0.80997464] [-0.80997464] Volatile-Loss
4.931565251991125 4.615124380321444 [-0.38931616] [-0.38931616] Volatile-Loss
4.382822591477212 4.0454470615691696 [-0.33305414] [-0.33305414] Volatile-Loss
4.22488354977537 7.514825907647399 [0.22938031] [0.22938031] Volatile-Loss
4.351971735495292 4.9607652467035885 [-0.1551219] [-0.1551219] Volatile-Loss
4.220796624655562 3.848279403963131 [-0.56420693] [-0.56420693] Volatile-Loss
2.9537347350369334 2.3442611310142083 [-0.39161937] [-0.39161937] Volatile-Loss
6.110112621071289 6.422631663825981 [-1.20240853] [-1.20240853] Volatile-Loss
2.4941220488584355 2.2417812723364463 [-0.12498535] [-0.12498535] Volatile-Loss
3.4768162391579573 3.2656297895357373 [-0.21096614] [-0.21096614] Volatile-Loss
4.182095240034116 4.067830083893749 [-0.29362402] [-0.29362402] Volatile-Loss
4.025356312751381 3.9134464601577585 [-0.03173162] [-0.03173162] Volatile-Loss
1.2415424824110999 1.0337736361132857 [-0.26470659] [-0.26470659] Stable-Loss
3.3908892633269683 3.1314566728204665 [-0.66761973] [-0.66761973] Volatile-Loss
3.084897839947993 2.835270333988017 [-0.76563735] [-0.76563735] Volatile-Loss
2.431317422614029 2.3331808821562974 [-0.04990577] [-0.04990577] Volatile-Loss
3.5310407721639083 3.6084112992116517 [-1.10605601] [-1.10605601] Volatile-Loss
3.774643220052461 3.46006826758302 [-0.69959791] [-0.69959791] Volatile-Loss
4.2920541895986855 4.323697761604505 [-0.30827928] [-0.30827928] Volatile-Loss
5.486294513446525 5.425715056610592 [-0.60698645] [-0.60698645] Volatile-Loss
2.6922299765014346 3.1984264833825633 [-0.90585514] [-0.90585514] Volatile-Loss
3.9323925488406966 3.6603301290929777 [-1.07858262] [-1.07858262] Volatile-Loss
4.534292492452195 4.435385293118166 [-0.96152529] [-0.96152529] Volatile-Loss
2.553254588515571 2.4619061195053153 [-0.70113029] [-0.70113029] Volatile-Loss
6.710684569191312 8.535145182045344 [0.04417669] [0.04417669] Volatile-Loss
3.408925376099693 4.2539958333098085 [-0.1360242] [-0.1360242] Volatile-Loss
4.326386223527328 2.888958881839253 [-0.86142637] [-0.86142637] Volatile-Loss
1.648126287997678 1.5515701154665553 [-0.43159514] [-0.43159514] Stable-Loss
4.624904806904216 6.617609221299019 [-0.89526087] [-0.89526087] Volatile-Loss
5.053812748297196 4.570177462245178 [-2.59544174] [-2.59544174] Volatile-Loss
3.864071116363086 3.548711917391418 [-0.98433866] [-0.98433866] Volatile-Loss
3.3894699008226983 2.969197311317943 [-0.26697027] [-0.26697027] Volatile-Loss
2.432838888787894 2.0550769031056113 [-0.35968414] [-0.35968414] Volatile-Loss
2.321201763192129 2.281925865708216 [-1.04487561] [-1.04487561] Volatile-Loss
2.5239727040460846 1.887069154651223 [-0.44297033] [-0.44297033] Volatile-Loss
3.6437974373304254 3.0101257517079425 [-0.69185362] [-0.69185362] Volatile-Loss
2.186967596415998 2.4890469876110823 [-0.33593795] [-0.33593795] Volatile-Loss
3.439060618396762 3.0884787479623523 [-1.19822256] [-1.19822256] Volatile-Loss
3.7213344409437874 3.121574709997953 [-0.480319] [-0.480319] Volatile-Loss
3.231214423464166 3.0356109175660317 [-0.50605956] [-0.50605956] Volatile-Loss
6.39924395618937 4.508332707746659 [-1.16544148] [-1.16544148] Volatile-Loss
2.7958607694422892 3.0607828467728946 [-0.06061901] [-0.06061901] Volatile-Loss
4.2406291595306405 4.032369347083496 [-0.69382419] [-0.69382419] Volatile-Loss
3.0321276891649425 2.6554780609658213 [-0.20643085] [-0.20643085] Volatile-Loss
0.8489053273831683 1.0004128290131296 [0.02650785] [0.02650785] Stable-Loss
2.9981658601993892 2.5766518183060363 [-0.64039748] [-0.64039748] Volatile-Loss
3.670383622125273 2.9713327515174885 [0.19228527] [0.19228527] Volatile-Loss
3.631988764868732 5.180217916787948 [-0.60152873] [-0.60152873] Volatile-Loss
2.6522176379768676 2.786098575466308 [-0.39656535] [-0.39656535] Volatile-Loss
2.1012489636477976 1.752204551576393 [-0.99374344] [-0.99374344] Stable-Loss
1.632120296666155 1.2919941704868276 [-0.22252139] [-0.22252139] Stable-Loss
3.437859265828606 3.143042126022988 [-0.41879847] [-0.41879847] Volatile-Loss
3.291729823843788 3.5797647551961354 [-0.26868652] [-0.26868652] Volatile-Loss
3.1681504184903426 2.9271454424895196 [-0.18370993] [-0.18370993] Volatile-Loss
5.609321210140422 4.723904754458265 [0.08086809] [0.08086809] Volatile-Loss
1.9544693566725244 1.8416019587973782 [-0.16155664] [-0.16155664] Stable-Loss
2.124371123246848 1.6995642390008325 [0.16506876] [0.16506876] Stable-Loss
3.8870477015782177 3.729983671498993 [-0.198225] [-0.198225] Volatile-Loss
2.1337210937105584 2.023119915440006 [-0.79401859] [-0.79401859] Volatile-Loss
8.761072926252925 10.78387684229669 [-1.50864005] [-1.50864005] Volatile-Loss
3.4108802556083484 3.6636090610802765 [-1.41281952] [-1.41281952] Volatile-Loss
3.25635581796325 4.351506496762311 [-0.58925492] [-0.58925492] Volatile-Loss
9.762434503684462 13.26252714659056 [-7.56498173] [-7.56498173] Volatile-Loss
7.141355652676379 6.2348838384203065 [-1.34995079] [-1.34995079] Volatile-Loss
1.8899200909112253 2.5174216843503796 [-0.14230633] [-0.14230633] Volatile-Loss
5.108642045878389 5.0341760139613525 [-0.39210967] [-0.39210967] Volatile-Loss
3.6769323626641612 3.7160142577072057 [-1.44980458] [-1.44980458] Volatile-Loss
5.282160084774387 4.868887636559864 [-0.16233934] [-0.16233934] Volatile-Loss
2.3176791391052163 2.1537780660364074 [-0.20202002] [-0.20202002] Volatile-Loss
4.292202771839485 3.4643960536261122 [-0.34404968] [-0.34404968] Volatile-Loss
4.1938635856441415 5.486748424301361 [-0.59472593] [-0.59472593] Volatile-Loss
6.21789560359866 7.0832171054715705 [-0.46562217] [-0.46562217] Volatile-Loss
3.604266801742368 3.37845443103155 [-0.18171615] [-0.18171615] Volatile-Loss
2.1784991514352168 2.3604152960647875 [-0.3262283] [-0.3262283] Volatile-Loss
6.388566442097503 7.007465409920793 [-0.79134159] [-0.79134159] Volatile-Loss
5.94589762447614 7.766203417757539 [-1.01752494] [-1.01752494] Volatile-Loss
4.127834497770247 3.6004556064467828 [-0.2623232] [-0.2623232] Volatile-Loss
4.372783862795103 4.361195272432618 [-1.61455554] [-1.61455554] Volatile-Loss
