2.1e-07 9.85667770685333e+138
2.0999e-07 3.8593983687917446e+138
2.0997999999999998e-07 1.5110209174684986e+138
2.0996999999999997e-07 5.915386849755251e+137
2.0995999999999996e-07 2.3155684686090714e+137
2.0994999999999994e-07 9.063457360591773e+136
2.0993999999999993e-07 3.547251253886818e+136
2.0992999999999992e-07 1.3881991840667604e+136
2.099199999999999e-07 5.432170472051991e+135
2.099099999999999e-07 2.1254787177984175e+135
2.098999999999999e-07 8.315758884949481e+134
2.0988999999999988e-07 3.253185039675876e+134
2.0987999999999987e-07 1.2725574197479112e+134
2.0986999999999985e-07 4.977459607767598e+133
2.0985999999999984e-07 1.9467035910626628e+133
2.0984999999999983e-07 7.612961563948679e+132
2.0983999999999982e-07 2.9769336734496055e+132
2.098299999999998e-07 1.1639823292051884e+132
2.098199999999998e-07 4.5507744984990945e+131
2.0980999999999979e-07 1.7790409181342256e+131
2.0979999999999977e-07 6.954217088621494e+130
2.0978999999999976e-07 2.718142549730584e+130
2.0977999999999975e-07 1.0623261824844698e+130
2.0976999999999974e-07 4.151501562242065e+129
2.0975999999999973e-07 1.6222365523489678e+129
2.0974999999999972e-07 6.3384754024132106e+128
2.097399999999997e-07 2.4763788046272946e+128
2.097299999999997e-07 9.67410913135547e+127
2.0971999999999968e-07 3.77890969964049e+127
2.0970999999999967e-07 1.4759908555054772e+127
2.0969999999999966e-07 5.76451047809837e+126
2.0968999999999965e-07 2.2511415569787062e+126
2.0967999999999964e-07 8.790321850404552e+125
2.0966999999999963e-07 3.432166435928112e+125
2.0965999999999962e-07 1.3399651018583657e+125
2.096499999999996e-07 5.230945712505818e+124
2.096399999999996e-07 2.041871973861111e+124
2.0962999999999958e-07 7.969633801785302e+123
2.0961999999999957e-07 3.1103537125529485e+123
2.0960999999999956e-07 1.2137877288289839e+123
2.0959999999999955e-07 4.736278657330251e+122
2.0958999999999954e-07 1.847963050963846e+122
2.0957999999999952e-07 7.2095946480384885e+121
2.0956999999999951e-07 2.812483163489655e+121
2.095599999999995e-07 1.0970603704615743e+121
2.095499999999995e-07 4.27890483828045e+120
2.0953999999999948e-07 1.668769011960566e+120
2.0952999999999947e-07 6.507606969766106e+119
2.0951999999999946e-07 2.5375107331197493e+119
2.0950999999999945e-07 9.89363618429262e+118
2.0949999999999943e-07 3.857140449865549e+118
2.0948999999999942e-07 1.5036142450271483e+118
2.094799999999994e-07 5.860961439860661e+117
2.094699999999994e-07 2.2843505149201745e+117
2.094599999999994e-07 8.90262464286333e+116
2.0944999999999938e-07 3.4692437485989835e+116
2.0943999999999937e-07 1.3518017087644282e+116
2.0942999999999935e-07 5.266869838168418e+115
2.0941999999999934e-07 2.0518877124863676e+115
2.0940999999999933e-07 7.993113855319098e+114
2.0939999999999932e-07 3.1134350025433025e+114
2.093899999999993e-07 1.2126207537298466e+114
2.093799999999993e-07 4.722495703342967e+113
2.0936999999999929e-07 1.8389906463020994e+113
2.0935999999999928e-07 7.160590466979984e+112
2.0934999999999926e-07 2.7879148893460763e+112
2.0933999999999925e-07 1.0853543193024657e+112
2.0932999999999924e-07 4.2249824720407156e+111
2.0931999999999923e-07 1.64452175073511e+111
2.0930999999999922e-07 6.400525949883663e+110
2.092999999999992e-07 2.4908812676670783e+110
2.092899999999992e-07 9.692854785007204e+109
2.0927999999999918e-07 3.771479006360212e+109
2.0926999999999917e-07 1.4673475256948021e+109
2.0925999999999916e-07 5.708415378362642e+108
2.0924999999999915e-07 2.2205442776892991e+108
2.0923999999999914e-07 8.63703315463598e+107
2.0922999999999913e-07 3.359162457840649e+107
2.0921999999999912e-07 1.3063474259719597e+107
2.092099999999991e-07 5.079811970275833e+106
2.091999999999991e-07 1.975139754898666e+106
2.0918999999999908e-07 7.679081314415469e+105
2.0917999999999907e-07 2.9852584598632595e+105
2.0916999999999906e-07 1.1604216882785734e+105
2.0915999999999905e-07 4.51035740667216e+104
2.0914999999999904e-07 1.7529409671753774e+104
2.0913999999999903e-07 6.812159852244216e+103
2.0912999999999901e-07 2.647058679528808e+103
2.09119999999999e-07 1.0284981112645934e+103
2.09109999999999e-07 3.995808002005557e+102
2.0909999999999898e-07 1.5522687082726792e+102
2.0908999999999897e-07 6.029625828647345e+101
2.0907999999999896e-07 2.341935794729701e+101
2.0906999999999895e-07 9.095378172093467e+100
2.0905999999999894e-07 3.5320568489139254e+100
2.0904999999999892e-07 1.3714998008352812e+100
2.090399999999989e-07 5.325065393136203e+99
2.090299999999989e-07 2.0673559920405397e+99
2.090199999999989e-07 8.025400356068205e+98
2.0900999999999888e-07 3.115152105950818e+98
2.0899999999999887e-07 1.2090740791571382e+98
2.0898999999999886e-07 4.692320411281213e+97
2.0897999999999884e-07 1.8208891061645427e+97
2.0896999999999883e-07 7.065459584832263e+96
2.0895999999999882e-07 2.7413116334286007e+96
2.089499999999988e-07 1.0634999359278635e+96
2.089399999999988e-07 4.125509447670285e+95
2.089299999999988e-07 1.6002165420426e+95
2.0891999999999878e-07 6.206417250236832e+94
2.0890999999999877e-07 2.406934211885196e+94
2.0889999999999875e-07 9.333585283168636e+93
2.0888999999999874e-07 3.619043491828186e+93
2.0887999999999873e-07 1.40313713652846e+93
2.0886999999999872e-07 5.439605990178676e+92
2.088599999999987e-07 2.108607599889864e+92
2.088499999999987e-07 8.173067470402808e+91
2.0883999999999869e-07 3.1676368450138708e+91
2.0882999999999867e-07 1.2275711279554678e+91
2.0881999999999866e-07 4.756844068461732e+90
2.0880999999999865e-07 1.8431137033799301e+90
2.0879999999999864e-07 7.140790576922266e+89
2.0878999999999863e-07 2.7663136062687927e+89
2.0877999999999862e-07 1.0715624092689725e+89
2.087699999999986e-07 4.150443063472248e+88
2.087599999999986e-07 1.6074311379189133e+88
2.0874999999999858e-07 6.224883268241241e+87
2.0873999999999857e-07 2.410410206959093e+87
2.0872999999999856e-07 9.332792440194156e+86
2.0871999999999855e-07 3.6132095806582464e+86
2.0870999999999854e-07 1.3987354688045686e+86
2.0869999999999853e-07 5.41425746229361e+85
2.0868999999999852e-07 2.095574445308373e+85
2.086799999999985e-07 8.11013624755933e+84
2.086699999999985e-07 3.13844170232738e+84
2.0865999999999848e-07 1.2143974123917034e+84
2.0864999999999847e-07 4.6985996790222205e+83
2.0863999999999846e-07 1.8177614670236368e+83
2.0862999999999845e-07 7.031794506602651e+82
2.0861999999999844e-07 2.7199208753370214e+82
2.0860999999999842e-07 1.0519792760130493e+82
2.0859999999999841e-07 4.068355594320717e+81
2.085899999999984e-07 1.573227126100841e+81
2.085799999999984e-07 6.083096959985815e+80
2.0856999999999838e-07 2.35189991447747e+80
2.0855999999999837e-07 9.09229904114283e+79
2.0854999999999836e-07 3.514708854383685e+79
2.0853999999999835e-07 1.3585191423176214e+79
2.0852999999999833e-07 5.25052733574377e+78
2.0851999999999832e-07 2.029087768419698e+78
2.085099999999983e-07 7.840783853254331e+77
2.084999999999983e-07 3.029555152988257e+77
2.084899999999983e-07 1.170466449785945e+77
2.0847999999999828e-07 4.52167968241322e+76
2.0846999999999827e-07 1.7466316575594813e+76
2.0845999999999825e-07 6.746267598022881e+75
2.0844999999999824e-07 2.6054725112903666e+75
2.0843999999999823e-07 1.0061671052357514e+75
2.0842999999999822e-07 3.8852092506244034e+74
2.084199999999982e-07 1.5000971505256904e+74
2.084099999999982e-07 5.791419488928686e+73
2.083999999999982e-07 2.235688629683291e+73
2.0838999999999818e-07 8.629750963729878e+72
2.0837999999999816e-07 3.3307792525845297e+72
2.0836999999999815e-07 1.2854466999432164e+72
2.0835999999999814e-07 4.960471105766532e+71
2.0834999999999813e-07 1.9140461063984444e+71
2.0833999999999812e-07 7.38486360553944e+70
2.083299999999981e-07 2.8490047100226784e+70
2.083199999999981e-07 1.0990171095703721e+70
2.0830999999999808e-07 4.239126047062448e+69
2.0829999999999807e-07 1.6349662398015956e+69
2.0828999999999806e-07 6.305242929436956e+68
2.0827999999999805e-07 2.4313944770195755e+68
2.0826999999999804e-07 9.374963553764655e+67
2.0825999999999803e-07 3.614467323171316e+67
2.0824999999999802e-07 1.3934120525826113e+67
2.08239999999998e-07 5.371249919649169e+66
2.08229999999998e-07 2.0702923993749757e+66
2.0821999999999798e-07 7.979001335243288e+65
2.0820999999999797e-07 3.0748639356839386e+65
2.0819999999999796e-07 1.184851097820068e+65
2.0818999999999795e-07 4.565224588181359e+64
2.0817999999999794e-07 1.7588184491790248e+64
2.0816999999999793e-07 6.775484595015789e+63
2.0815999999999791e-07 2.60987789587529e+63
2.081499999999979e-07 1.0052185305913953e+63
2.081399999999979e-07 3.8713393768053214e+62
2.0812999999999788e-07 1.4908105540218065e+62
2.0811999999999787e-07 5.740425955565e+61
2.0810999999999786e-07 2.210172749092771e+61
2.0809999999999785e-07 8.508808554968075e+60
2.0808999999999784e-07 3.2754555429625784e+60
2.0807999999999782e-07 1.2607677264386894e+60
2.080699999999978e-07 4.852425387759136e+59
2.080599999999978e-07 1.8674244956189878e+59
2.080499999999978e-07 7.186006910997448e+58
2.0803999999999778e-07 2.7649838340313585e+58
2.0802999999999777e-07 1.063794992067838e+58
2.0801999999999776e-07 4.092452600782121e+57
2.0800999999999774e-07 1.574235633455462e+57
2.0799999999999773e-07 6.055028275385297e+56
2.0798999999999772e-07 2.328750500595218e+56
2.079799999999977e-07 8.955505155431318e+55
2.079699999999977e-07 3.4436384544910994e+55
2.079599999999977e-07 1.3240528960519662e+55
2.0794999999999768e-07 5.0904179393551434e+54
2.0793999999999767e-07 1.9568694662157604e+54
2.0792999999999765e-07 7.521952320511449e+53
2.0791999999999764e-07 2.8910765517204152e+53
2.0790999999999763e-07 1.111089119135224e+53
2.0789999999999762e-07 4.269710980540274e+52
2.078899999999976e-07 1.6406212599609763e+52
2.078799999999976e-07 6.303452101515018e+51
2.0786999999999759e-07 2.4216358473576058e+51
2.0785999999999757e-07 9.30249545951624e+50
2.0784999999999756e-07 3.573142520812912e+50
2.0783999999999755e-07 1.3723391290807493e+50
2.0782999999999754e-07 5.270268980626643e+49
2.0781999999999753e-07 2.0237848259547212e+49
2.0780999999999752e-07 7.77062769581619e+48
2.077999999999975e-07 2.983376554860459e+48
2.077899999999975e-07 1.1453025827641905e+48
2.0777999999999748e-07 4.396353411168624e+47
2.0776999999999747e-07 1.6874275498598983e+47
2.0775999999999746e-07 6.47616414318351e+46
2.0774999999999745e-07 2.4852536851481593e+46
2.0773999999999744e-07 9.53638473421335e+45
2.0772999999999743e-07 3.658954022776723e+45
2.0771999999999742e-07 1.4037516644379434e+45
2.077099999999974e-07 5.3849757501451055e+44
2.076999999999974e-07 2.0655577786272503e+44
2.0768999999999738e-07 7.922295985781729e+43
2.0767999999999737e-07 3.038259701388288e+43
2.0766999999999736e-07 1.1650882643750929e+43
2.0765999999999735e-07 4.467379631428341e+42
2.0764999999999734e-07 1.7128012912002323e+42
2.0763999999999733e-07 6.566307031396142e+41
2.0762999999999731e-07 2.5170709921582183e+41
2.076199999999973e-07 9.647833733976994e+40
2.076099999999973e-07 3.697636502972553e+40
2.0759999999999728e-07 1.4170287842049766e+40
2.0758999999999727e-07 5.429916771216419e+39
2.0757999999999726e-07 2.080499950603208e+39
2.0756999999999725e-07 7.970806667595302e+38
2.0755999999999723e-07 3.0534925307033774e+38
2.0754999999999722e-07 1.1696379793791137e+38
2.075399999999972e-07 4.479876764752325e+37
2.075299999999972e-07 1.7156973115321456e+37
2.075199999999972e-07 6.570149690876924e+36
2.0750999999999718e-07 2.5157636668639596e+36
2.0749999999999717e-07 9.632175608922548e+35
2.0748999999999715e-07 3.6875584272188376e+35
2.0747999999999714e-07 1.4116056503193318e+35
2.0746999999999713e-07 5.403159870547231e+34
2.0745999999999712e-07 2.0679602741594126e+34
2.074499999999971e-07 7.914008309617021e+33
2.074399999999971e-07 3.028382591348956e+33
2.074299999999971e-07 1.1587370701397362e+33
2.0741999999999708e-07 4.433216842367394e+32
2.0740999999999706e-07 1.69594964599653e+32
2.0739999999999705e-07 6.487342551374977e+31
2.0738999999999704e-07 2.4813075548521414e+31
2.0737999999999703e-07 9.489738553955536e+30
2.0736999999999702e-07 3.629006718075501e+30
2.07359999999997e-07 1.387653910330947e+30
2.07349999999997e-07 5.305598904500952e+29
2.0733999999999698e-07 2.0283715829454166e+29
2.0732999999999697e-07 7.75390479265253e+28
2.0731999999999696e-07 2.9638297087421314e+28
2.0730999999999695e-07 1.1327807450548524e+28
2.0729999999999694e-07 4.3291067030398676e+27
2.0728999999999693e-07 1.6542857754847648e+27
2.0727999999999692e-07 6.320953359737123e+26
2.072699999999969e-07 2.4149849786374613e+26
2.072599999999969e-07 9.225843249494542e+25
2.0724999999999688e-07 3.5241752053244773e+25
2.0723999999999687e-07 1.346073224420972e+25
2.0722999999999686e-07 5.140905802265868e+24
2.0721999999999685e-07 1.9632263114492207e+24
2.0720999999999684e-07 7.496539550786239e+23
2.0719999999999683e-07 2.8622729790586906e+23
2.0718999999999681e-07 1.092750465953718e+23
2.071799999999968e-07 4.1714849191610926e+22
2.071699999999968e-07 1.5922823292605862e+22
2.0715999999999678e-07 6.077279149118296e+21
2.0714999999999677e-07 2.3193057240818838e+21
2.0713999999999676e-07 8.850473603071064e+20
2.0712999999999675e-07 3.377028388057724e+20
2.0711999999999674e-07 1.2884352349663871e+20
2.0710999999999672e-07 4.91530134010752e+19
2.070999999999967e-07 1.8749831486236135e+19
2.070899999999967e-07 7.151616992454491e+18
2.070799999999967e-07 2.7275377904165217e+18
2.0706999999999668e-07 1.0401523337215392e+18
2.0705999999999667e-07 3.966274371427703e+17
2.0704999999999666e-07 1.5122659941913818e+17
2.0703999999999664e-07 5.7654503725122216e+16
2.0702999999999663e-07 2.1978492513206896e+16
2.0701999999999662e-07 8377649134767707.0
2.070099999999966e-07 3193052283515792.5
2.069999999999966e-07 1216884837527376.5
2.069899999999966e-07 463716457919890.9
2.0697999999999658e-07 176691278087410.12
2.0696999999999657e-07 67318941553571.79
2.0695999999999655e-07 25645962474888.527
2.0694999999999654e-07 9769228658095.516
2.0693999999999653e-07 3721012150600.701
2.0692999999999652e-07 1417168318097.8127
2.069199999999965e-07 539686192160.2271
2.069099999999965e-07 205504197270.20764
2.0689999999999649e-07 78245540675.56082
2.0688999999999647e-07 29789142177.618668
2.0687999999999646e-07 11340074108.967669
2.0686999999999645e-07 4316515199.326271
2.0685999999999644e-07 1642896235.7403765
2.0684999999999643e-07 625239583.0128192
2.0683999999999642e-07 237926193.51143754
2.068299999999964e-07 90531038.00947434
2.068199999999964e-07 34443889.04543113
2.0680999999999638e-07 13103468.804330954
2.0679999999999637e-07 4984478.723763485
2.0678999999999636e-07 1895887.1182839514
2.0677999999999635e-07 721048.0305704232
2.0676999999999634e-07 274204.2630598726
2.0675999999999633e-07 104265.50839667217
2.0674999999999632e-07 39642.293594762785
2.067399999999963e-07 15070.091418958802
2.067299999999963e-07 5727.680050862494
2.0671999999999628e-07 2176.0046252138363
2.0670999999999627e-07 825.9015574022426
2.0669999999999626e-07 312.73311690665247
2.0668999999999625e-07 117.69822707923846
2.0667999999999624e-07 43.58017019862682
2.0666999999999623e-07 15.416121983421425
2.0665999999999621e-07 5.370737974008588
2.066499999999962e-07 3.471172355944416
2.066399999999962e-07 3.508868210065952
2.0662999999999618e-07 3.689100684929111
2.0661999999999617e-07 3.7758957682380907
2.0660999999999616e-07 3.8104883081061636
2.0659999999999615e-07 3.8242843645245364
2.0658999999999613e-07 3.8295555515656408
2.0657999999999612e-07 3.8316754931498087
2.065699999999961e-07 3.8324802930062805
2.065599999999961e-07 3.8327857929441342
2.065499999999961e-07 3.83290174903728
2.0653999999999608e-07 3.8329457573961325
2.0652999999999607e-07 3.832962458139055
2.0651999999999606e-07 3.8329687953046445
2.0650999999999604e-07 3.832971199733779
2.0649999999999603e-07 3.8329721119214484
2.0648999999999602e-07 3.832972457944673
2.06479999999996e-07 3.832972589181724
2.06469999999996e-07 3.832972638943503
2.06459999999996e-07 3.832972657801697
2.0644999999999598e-07 3.832972664939282
2.0643999999999596e-07 3.832972667632199
2.0642999999999595e-07 3.8329726686396652
2.0641999999999594e-07 3.8329726690080643
2.0640999999999593e-07 3.832972669134194
2.0639999999999592e-07 3.8329726691684707
2.063899999999959e-07 3.832972669167937
2.063799999999959e-07 3.832972669154257
2.0636999999999588e-07 3.8329726691355273
2.0635999999999587e-07 3.8329726691150636
2.0634999999999586e-07 3.832972669093546
2.0633999999999585e-07 3.8329726690720065
2.0632999999999584e-07 3.8329726690502963
2.0631999999999583e-07 3.8329726690285804
2.0630999999999582e-07 3.83297266900682
2.062999999999958e-07 3.832972668985096
2.062899999999958e-07 3.83297266896331
2.0627999999999578e-07 3.8329726689415526
2.0626999999999577e-07 3.8329726689197643
2.0625999999999576e-07 3.8329726688979764
2.0624999999999575e-07 3.832972668876289
2.0623999999999574e-07 3.8329726688545
2.0622999999999573e-07 3.83297266883272
2.0621999999999571e-07 3.8329726688109473
2.062099999999957e-07 3.8329726687892016
2.061999999999957e-07 3.832972668767465
2.0618999999999568e-07 3.8329726687456986
2.0617999999999567e-07 3.832972668723934
2.0616999999999566e-07 3.8329726687021597
2.0615999999999565e-07 3.832972668680443
2.0614999999999564e-07 3.8329726686586207
2.0613999999999562e-07 3.8329726686368906
2.061299999999956e-07 3.8329726686151453
2.061199999999956e-07 3.8329726685933645
2.061099999999956e-07 3.832972668571635
2.0609999999999558e-07 3.832972668549847
2.0608999999999557e-07 3.8329726685280807
2.0607999999999556e-07 3.832972668506308
2.0606999999999554e-07 3.8329726684845844
2.0605999999999553e-07 3.8329726684628245
2.0604999999999552e-07 3.8329726684410534
2.060399999999955e-07 3.8329726684193215
2.060299999999955e-07 3.8329726683975425
2.060199999999955e-07 3.832972668375846
2.0600999999999548e-07 3.8329726683540155
2.0599999999999547e-07 3.8329726683322423
2.0598999999999545e-07 3.8329726683105125
2.0597999999999544e-07 3.832972668288718
2.0596999999999543e-07 3.8329726682669656
2.0595999999999542e-07 3.8329726682451994
2.059499999999954e-07 3.8329726682234755
2.059399999999954e-07 3.8329726682017102
2.0592999999999539e-07 3.8329726681799303
2.0591999999999537e-07 3.8329726681581846
2.0590999999999536e-07 3.832972668136397
2.0589999999999535e-07 3.832972668114631
2.0588999999999534e-07 3.832972668092894
2.0587999999999533e-07 3.8329726680711427
2.0586999999999532e-07 3.832972668049405
2.058599999999953e-07 3.8329726680276037
2.058499999999953e-07 3.832972668005922
2.0583999999999528e-07 3.8329726679841274
2.0582999999999527e-07 3.8329726679623533
2.0581999999999526e-07 3.8329726679405822
2.0580999999999525e-07 3.832972667918819
2.0579999999999524e-07 3.8329726678970637
2.0578999999999523e-07 3.832972667875283
2.0577999999999522e-07 3.8329726678535314
2.057699999999952e-07 3.8329726678317715
2.057599999999952e-07 3.83297266781002
2.0574999999999518e-07 3.832972667788219
2.0573999999999517e-07 3.8329726677664944
2.0572999999999516e-07 3.8329726677447296
2.0571999999999515e-07 3.832972667722983
2.0570999999999514e-07 3.832972667701246
2.0569999999999513e-07 3.8329726676796927
2.0568999999999511e-07 3.832972667657714
2.056799999999951e-07 3.832972667635947
2.056699999999951e-07 3.8329726676141895
2.0565999999999508e-07 3.8329726675924
2.0564999999999507e-07 3.8329726675706444
2.0563999999999506e-07 3.8329726675488978
2.0562999999999505e-07 3.8329726675271316
2.0561999999999503e-07 3.8329726675053717
2.0560999999999502e-07 3.8329726674836193
2.05599999999995e-07 3.832972667461847
2.05589999999995e-07 3.8329726674400817
2.05579999999995e-07 3.832972667418343
2.0556999999999498e-07 3.8329726673965636
2.0555999999999497e-07 3.8329726673747775
2.0554999999999496e-07 3.8329726673531086
2.0553999999999494e-07 3.8329726673312856
2.0552999999999493e-07 3.8329726673095283
2.0551999999999492e-07 3.832972667287767
2.055099999999949e-07 3.8329726672660165
2.054999999999949e-07 3.8329726672442512
2.054899999999949e-07 3.832972667222498
2.0547999999999488e-07 3.832972667200725
2.0546999999999486e-07 3.8329726671789803
2.0545999999999485e-07 3.8329726671572057
2.0544999999999484e-07 3.832972667135455
2.0543999999999483e-07 3.8329726671136823
2.0542999999999482e-07 3.832972667091923
2.054199999999948e-07 3.832972667070143
2.054099999999948e-07 3.8329726670483977
2.0539999999999479e-07 3.8329726670266315
2.0538999999999477e-07 3.8329726670049085
2.0537999999999476e-07 3.8329726669831268
2.0536999999999475e-07 3.832972666961391
2.0535999999999474e-07 3.832972666939603
2.0534999999999473e-07 3.8329726669178497
2.0533999999999472e-07 3.8329726668960777
2.053299999999947e-07 3.8329726668743334
2.053199999999947e-07 3.8329726668525814
2.0530999999999468e-07 3.8329726668308086
2.0529999999999467e-07 3.8329726668090562
2.0528999999999466e-07 3.8329726667873056
2.0527999999999465e-07 3.8329726667655524
2.0526999999999464e-07 3.832972666743764
2.0525999999999463e-07 3.832972666722021
2.0524999999999461e-07 3.832972666700219
2.052399999999946e-07 3.832972666678489
2.052299999999946e-07 3.832972666656751
2.0521999999999458e-07 3.8329726666349626
2.0520999999999457e-07 3.832972666613211
2.0519999999999456e-07 3.8329726665914237
2.0518999999999455e-07 3.8329726665697064
2.0517999999999454e-07 3.8329726665479336
2.0516999999999452e-07 3.8329726665261545
2.051599999999945e-07 3.832972666504395
2.051499999999945e-07 3.8329726664826644
2.051399999999945e-07 3.832972666460912
2.0512999999999448e-07 3.8329726664391397
2.0511999999999447e-07 3.832972666417367
2.0510999999999446e-07 3.8329726663956025
2.0509999999999444e-07 3.8329726663738906
2.0508999999999443e-07 3.832972666352089
2.0507999999999442e-07 3.83297266633033
2.050699999999944e-07 3.832972666308571
2.050599999999944e-07 3.8329726662868193
2.050499999999944e-07 3.832972666265047
2.0503999999999438e-07 3.8329726662432377
2.0502999999999437e-07 3.832972666221514
2.0501999999999435e-07 3.8329726661997916
2.0500999999999434e-07 3.8329726661779953
2.0499999999999433e-07 3.8329726661562584
2.0498999999999432e-07 3.8329726661344923
2.049799999999943e-07 3.8329726661127115
2.049699999999943e-07 3.832972666090974
2.0495999999999429e-07 3.8329726660692076
2.0494999999999427e-07 3.8329726660474503
2.0493999999999426e-07 3.832972666025684
2.0492999999999425e-07 3.832972666003925
2.0491999999999424e-07 3.832972665982158
2.0490999999999423e-07 3.832972665960414
2.0489999999999422e-07 3.8329726659386534
2.048899999999942e-07 3.832972665916846
2.048799999999942e-07 3.8329726658951064
2.0486999999999418e-07 3.832972665873441
2.0485999999999417e-07 3.8329726658515826
2.0484999999999416e-07 3.8329726658298373
2.0483999999999415e-07 3.832972665808079
2.0482999999999414e-07 3.8329726657863126
2.0481999999999413e-07 3.832972665764568
2.0480999999999412e-07 3.832972665742802
2.047999999999941e-07 3.832972665721043
2.047899999999941e-07 3.8329726656992973
2.0477999999999408e-07 3.8329726656775382
2.0476999999999407e-07 3.8329726656557868
2.0475999999999406e-07 3.8329726656339997
2.0474999999999405e-07 3.8329726656122554
2.0473999999999404e-07 3.832972665590482
2.0472999999999403e-07 3.83297266556873
2.0471999999999401e-07 3.8329726655471266
2.04709999999994e-07 3.8329726655252117
2.04699999999994e-07 3.832972665503453
2.0468999999999398e-07 3.8329726654817073
2.0467999999999397e-07 3.8329726654599288
2.0466999999999396e-07 3.832972665438156
2.0465999999999395e-07 3.8329726654163894
2.0464999999999393e-07 3.8329726653946374
2.0463999999999392e-07 3.8329726653728944
2.046299999999939e-07 3.8329726653511185
2.046199999999939e-07 3.8329726653293466
2.046099999999939e-07 3.832972665307615
2.0459999999999388e-07 3.8329726652858622
2.0458999999999387e-07 3.8329726652640828
2.0457999999999386e-07 3.8329726652423446
2.0456999999999384e-07 3.8329726652205425
2.0455999999999383e-07 3.8329726651988194
2.0454999999999382e-07 3.832972665177018
2.045399999999938e-07 3.8329726651552596
2.045299999999938e-07 3.8329726651335143
2.045199999999938e-07 3.8329726651117704
2.0450999999999378e-07 3.8329726650900033
2.0449999999999376e-07 3.832972665068238
2.0448999999999375e-07 3.832972665046485
2.0447999999999374e-07 3.83297266502472
2.0446999999999373e-07 3.832972665002954
2.0445999999999372e-07 3.8329726649812015
2.044499999999937e-07 3.832972664959442
2.044399999999937e-07 3.8329726649376767
2.0442999999999369e-07 3.832972664915917
2.0441999999999367e-07 3.83297266489413
2.0440999999999366e-07 3.832972664872406
2.0439999999999365e-07 3.8329726648506477
2.0438999999999364e-07 3.8329726648288815
2.0437999999999363e-07 3.8329726648071074
2.0436999999999362e-07 3.832972664785357
2.043599999999936e-07 3.8329726647636106
2.043499999999936e-07 3.8329726647418316
2.0433999999999358e-07 3.832972664720058
2.0432999999999357e-07 3.832972664698312
2.0431999999999356e-07 3.832972664676548
2.0430999999999355e-07 3.8329726646548026
2.0429999999999354e-07 3.8329726646330284
2.0428999999999353e-07 3.832972664611284
2.0427999999999352e-07 3.8329726645895335
2.042699999999935e-07 3.8329726645677664
2.042599999999935e-07 3.8329726645459936
2.0424999999999348e-07 3.8329726645242057
2.0423999999999347e-07 3.8329726645024826
2.0422999999999346e-07 3.8329726644807156
2.0421999999999345e-07 3.8329726644589504
2.0420999999999344e-07 3.832972664437184
2.0419999999999342e-07 3.8329726644154536
2.041899999999934e-07 3.832972664393696
2.041799999999934e-07 3.8329726643719013
2.041699999999934e-07 3.832972664350169
2.0415999999999338e-07 3.83297266432839
2.0414999999999337e-07 3.8329726643066375
2.0413999999999336e-07 3.832972664284879
2.0412999999999334e-07 3.8329726642631043
2.0411999999999333e-07 3.8329726642413675
2.0410999999999332e-07 3.832972664219608
2.040999999999933e-07 3.83297266419785
2.040899999999933e-07 3.8329726641760624
2.040799999999933e-07 3.8329726641543256
2.0406999999999328e-07 3.8329726641325514
2.0405999999999327e-07 3.8329726641108355
2.0404999999999325e-07 3.832972664089034
2.0403999999999324e-07 3.8329726640673023
2.0402999999999323e-07 3.8329726640455095
2.0401999999999322e-07 3.832972664023763
2.040099999999932e-07 3.8329726640019697
2.039999999999932e-07 3.8329726639802453
2.0398999999999319e-07 3.8329726639584725
2.0397999999999317e-07 3.832972663936721
2.0396999999999316e-07 3.8329726639149344
2.0395999999999315e-07 3.832972663893174
2.0394999999999314e-07 3.8329726638714363
2.0393999999999313e-07 3.832972663849687
2.0392999999999312e-07 3.8329726638278974
2.039199999999931e-07 3.832972663806153
2.039099999999931e-07 3.832972663784408
2.0389999999999308e-07 3.8329726637626274
2.0388999999999307e-07 3.8329726637408337
2.0387999999999306e-07 3.8329726637191097
2.0386999999999305e-07 3.8329726636973436
2.0385999999999304e-07 3.832972663675605
2.0384999999999303e-07 3.832972663653847
2.0383999999999302e-07 3.832972663632066
2.03829999999993e-07 3.8329726636103136
2.03819999999993e-07 3.832972663588555
2.0380999999999298e-07 3.832972663566789
2.0379999999999297e-07 3.8329726635450436
2.0378999999999296e-07 3.8329726635232713
2.0377999999999295e-07 3.8329726635014976
2.0376999999999294e-07 3.8329726634797527
2.0375999999999293e-07 3.8329726634579955
2.0374999999999291e-07 3.8329726634362333
2.037399999999929e-07 3.8329726634143495
2.037299999999929e-07 3.8329726633927246
2.0371999999999288e-07 3.8329726633709518
2.0370999999999287e-07 3.832972663349164
2.0369999999999286e-07 3.83297266332744
2.0368999999999285e-07 3.8329726633056893
2.0367999999999283e-07 3.832972663283894
2.0366999999999282e-07 3.832972663262143
2.036599999999928e-07 3.8329726632403904
2.036499999999928e-07 3.832972663218631
2.036399999999928e-07 3.832972663196872
2.0362999999999278e-07 3.8329726631751067
2.0361999999999277e-07 3.8329726631533543
2.0360999999999276e-07 3.832972663131581
2.0359999999999274e-07 3.8329726631098433
2.0358999999999273e-07 3.8329726630880203
2.0357999999999272e-07 3.832972663066312
2.035699999999927e-07 3.832972663044587
2.035599999999927e-07 3.8329726630227934
2.035499999999927e-07 3.8329726630010272
2.0353999999999268e-07 3.832972662979268
2.0352999999999266e-07 3.8329726629575087
2.0351999999999265e-07 3.832972662935729
2.0350999999999264e-07 3.8329726629139618
2.0349999999999263e-07 3.832972662892231
2.0348999999999262e-07 3.8329726628704583
2.034799999999926e-07 3.8329726628487077
2.034699999999926e-07 3.8329726628269336
2.0345999999999259e-07 3.8329726628052097
2.0344999999999257e-07 3.8329726627834435
2.0343999999999256e-07 3.8329726627616845
2.0342999999999255e-07 3.8329726627399183
2.0341999999999254e-07 3.8329726627181313
2.0340999999999253e-07 3.8329726626964082
2.0339999999999252e-07 3.8329726626746137
2.033899999999925e-07 3.832972662652841
2.033799999999925e-07 3.8329726626310956
2.0336999999999248e-07 3.8329726626093517
2.0335999999999247e-07 3.8329726625876073
2.0334999999999246e-07 3.8329726625658265
2.0333999999999245e-07 3.8329726625440603
2.0332999999999244e-07 3.8329726625223146
2.0331999999999243e-07 3.8329726625005356
2.0330999999999242e-07 3.8329726624787974
2.032999999999924e-07 3.8329726624570233
2.032899999999924e-07 3.8329726624352727
2.0327999999999238e-07 3.8329726624135056
2.0326999999999237e-07 3.832972662391761
2.0325999999999236e-07 3.8329726623699596
2.0324999999999235e-07 3.832972662348222
2.0323999999999234e-07 3.8329726623264646
2.0322999999999232e-07 3.832972662304727
2.032199999999923e-07 3.832972662282945
2.032099999999923e-07 3.8329726622611995
2.031999999999923e-07 3.8329726622394267
2.0318999999999228e-07 3.832972662217667
2.0317999999999227e-07 3.832972662195902
2.0316999999999226e-07 3.832972662174143
2.0315999999999225e-07 3.8329726621523776
2.0314999999999223e-07 3.8329726621306253
2.0313999999999222e-07 3.8329726621088445
2.031299999999922e-07 3.8329726620870637
2.031199999999922e-07 3.8329726620653406
2.031099999999922e-07 3.83297266204359
2.0309999999999218e-07 3.8329726620218154
2.0308999999999217e-07 3.832972662000043
2.0307999999999215e-07 3.8329726619782623
2.0306999999999214e-07 3.832972661956539
2.0305999999999213e-07 3.8329726619347655
2.0304999999999212e-07 3.832972661913014
2.030399999999921e-07 3.8329726618912763
2.030299999999921e-07 3.8329726618695172
2.0301999999999209e-07 3.83297266184775
2.0300999999999207e-07 3.832972661825977
2.0299999999999206e-07 3.8329726618041895
2.0298999999999205e-07 3.8329726617824664
2.0297999999999204e-07 3.832972661760701
2.0296999999999203e-07 3.832972661738935
2.0295999999999202e-07 3.8329726617171835
2.02949999999992e-07 3.832972661695424
2.02939999999992e-07 3.832972661673658
2.0292999999999198e-07 3.8329726616519126
2.0291999999999197e-07 3.832972661630119
2.0290999999999196e-07 3.832972661608338
2.0289999999999195e-07 3.832972661586614
2.0288999999999194e-07 3.8329726615648627
2.0287999999999193e-07 3.832972661543098
2.0286999999999192e-07 3.8329726615213238
2.028599999999919e-07 3.8329726614995643
2.028499999999919e-07 3.8329726614778346
2.0283999999999188e-07 3.8329726614560538
2.0282999999999187e-07 3.8329726614343014
2.0281999999999186e-07 3.832972661412543
2.0280999999999185e-07 3.8329726613907544
2.0279999999999184e-07 3.8329726613690194
2.0278999999999183e-07 3.832972661347245
2.0277999999999181e-07 3.8329726613254786
2.027699999999918e-07 3.832972661303731
2.027599999999918e-07 3.8329726612819686
2.0274999999999178e-07 3.8329726612602095
2.0273999999999177e-07 3.8329726612384416
2.0272999999999176e-07 3.832972661216692
2.0271999999999175e-07 3.8329726611949306
2.0270999999999173e-07 3.8329726611731854
2.0269999999999172e-07 3.8329726611514277
2.026899999999917e-07 3.832972661129648
2.026799999999917e-07 3.832972661107881
2.026699999999917e-07 3.8329726610861363
2.0265999999999168e-07 3.8329726610643693
2.0264999999999167e-07 3.832972661042626
2.0263999999999166e-07 3.8329726610208597
2.0262999999999164e-07 3.8329726609990935
2.0261999999999163e-07 3.832972660977348
2.0260999999999162e-07 3.8329726609555825
2.025999999999916e-07 3.832972660933831
2.025899999999916e-07 3.8329726609120502
2.025799999999916e-07 3.832972660890306
2.0256999999999158e-07 3.832972660868539
2.0255999999999156e-07 3.8329726608467865
2.0254999999999155e-07 3.8329726608250145
2.0253999999999154e-07 3.8329726608032617
2.0252999999999153e-07 3.832972660781477
2.0251999999999152e-07 3.8329726607597308
2.025099999999915e-07 3.8329726607379775
2.024999999999915e-07 3.832972660716219
2.0248999999999149e-07 3.832972660694452
2.0247999999999147e-07 3.832972660672679
2.0246999999999146e-07 3.8329726606509276
2.0245999999999145e-07 3.8329726606291827
2.0244999999999144e-07 3.832972660607403
2.0243999999999143e-07 3.832972660585672
2.0242999999999142e-07 3.8329726605638994
2.024199999999914e-07 3.8329726605421333
2.024099999999914e-07 3.832972660520367
2.0239999999999138e-07 3.8329726604986156
2.0238999999999137e-07 3.8329726604768624
2.0237999999999136e-07 3.8329726604551038
2.0236999999999135e-07 3.832972660433324
2.0235999999999134e-07 3.8329726604115777
2.0234999999999133e-07 3.8329726603898053
2.0233999999999132e-07 3.832972660368047
2.023299999999913e-07 3.832972660346289
2.023199999999913e-07 3.8329726603245295
2.0230999999999128e-07 3.8329726603027496
2.0229999999999127e-07 3.832972660281007
2.0228999999999126e-07 3.832972660259244
2.0227999999999125e-07 3.832972660237486
2.0226999999999124e-07 3.8329726602157335
2.0225999999999122e-07 3.8329726601939673
2.022499999999912e-07 3.832972660172194
2.022399999999912e-07 3.832972660150444
2.022299999999912e-07 3.8329726601286764
2.0221999999999118e-07 3.8329726601069396
2.0220999999999117e-07 3.8329726600851726
2.0219999999999116e-07 3.8329726600634135
2.0218999999999115e-07 3.8329726600416483
2.0217999999999113e-07 3.8329726600198892
2.0216999999999112e-07 3.832972659998116
2.021599999999911e-07 3.8329726599763703
2.021499999999911e-07 3.832972659954619
2.021399999999911e-07 3.832972659932847
2.0212999999999108e-07 3.8329726599110945
2.0211999999999107e-07 3.8329726598893283
2.0210999999999105e-07 3.8329726598675684
2.0209999999999104e-07 3.8329726598458396
2.0208999999999103e-07 3.8329726598240574
2.0207999999999102e-07 3.832972659802271
2.02069999999991e-07 3.832972659780533
2.02059999999991e-07 3.8329726597587506
2.0204999999999099e-07 3.832972659737009
2.0203999999999098e-07 3.8329726597152565
2.0202999999999096e-07 3.832972659693475
2.0201999999999095e-07 3.832972659671723
2.0200999999999094e-07 3.832972659649972
2.0199999999999093e-07 3.8329726596282057
2.0198999999999092e-07 3.8329726596064404
2.019799999999909e-07 3.832972659584681
2.019699999999909e-07 3.8329726595629285
2.0195999999999088e-07 3.832972659541177
2.0194999999999087e-07 3.8329726595193825
2.0193999999999086e-07 3.832972659497652
2.0192999999999085e-07 3.8329726594759497
2.0191999999999084e-07 3.832972659454113
2.0190999999999083e-07 3.832972659432367
2.0189999999999082e-07 3.832972659410603
2.018899999999908e-07 3.832972659388842
2.018799999999908e-07 3.832972659367076
2.0186999999999078e-07 3.832972659345332
2.0185999999999077e-07 3.832972659323559
2.0184999999999076e-07 3.8329726593017863
2.0183999999999075e-07 3.8329726592800486
2.0182999999999074e-07 3.8329726592582873
2.0181999999999073e-07 3.8329726592365287
2.0180999999999071e-07 3.8329726592147626
2.017999999999907e-07 3.8329726591930053
2.017899999999907e-07 3.8329726591712325
2.0177999999999068e-07 3.83297265914955
2.0176999999999067e-07 3.832972659127714
2.0175999999999066e-07 3.8329726591059616
2.0174999999999065e-07 3.8329726590842093
2.0173999999999063e-07 3.832972659062437
2.0172999999999062e-07 3.83297265904069
2.017199999999906e-07 3.8329726590189255
2.017099999999906e-07 3.832972658997166
2.016999999999906e-07 3.8329726589754287
2.0168999999999058e-07 3.8329726589536484
2.0167999999999057e-07 3.8329726589318893
2.0166999999999056e-07 3.8329726589101223
2.0165999999999054e-07 3.832972658888358
2.0164999999999053e-07 3.8329726588666047
2.0163999999999052e-07 3.8329726588448247
2.016299999999905e-07 3.8329726588230666
2.016199999999905e-07 3.832972658801321
2.016099999999905e-07 3.832972658779527
2.0159999999999048e-07 3.8329726587577957
2.0158999999999046e-07 3.8329726587360433
2.0157999999999045e-07 3.8329726587142847
2.0156999999999044e-07 3.832972658692555
2.0155999999999043e-07 3.832972658670782
2.0154999999999042e-07 3.832972658649015
2.015399999999904e-07 3.8329726586272352
2.015299999999904e-07 3.832972658605469
2.0151999999999039e-07 3.832972658583725
2.0150999999999037e-07 3.8329726585619506
2.0149999999999036e-07 3.8329726585401853
2.0148999999999035e-07 3.8329726585184405
2.0147999999999034e-07 3.8329726584966464
2.0146999999999033e-07 3.8329726584749024
2.0145999999999032e-07 3.832972658453171
2.014499999999903e-07 3.832972658431384
2.014399999999903e-07 3.83297265840966
2.0142999999999028e-07 3.832972658387887
2.0141999999999027e-07 3.832972658366113
2.0140999999999026e-07 3.8329726583443615
2.0139999999999025e-07 3.8329726583225945
2.0138999999999024e-07 3.8329726583008292
2.0137999999999023e-07 3.83297265827907
2.0136999999999022e-07 3.832972658257303
2.013599999999902e-07 3.832972658235572
2.013499999999902e-07 3.832972658213801
2.0133999999999018e-07 3.832972658192042
2.0132999999999017e-07 3.8329726581702817
2.0131999999999016e-07 3.8329726581485244
2.0130999999999015e-07 3.832972658126771
2.0129999999999014e-07 3.832972658104998
2.0128999999999012e-07 3.8329726580832397
2.0127999999999011e-07 3.8329726580614736
2.012699999999901e-07 3.832972658039715
2.012599999999901e-07 3.832972658017948
2.0124999999999008e-07 3.832972657996182
2.0123999999999007e-07 3.8329726579744303
2.0122999999999006e-07 3.8329726579526713
2.0121999999999005e-07 3.8329726579309042
2.0120999999999003e-07 3.832972657909147
2.0119999999999002e-07 3.8329726578873946
2.0118999999999e-07 3.832972657865636
2.0117999999999e-07 3.83297265784389
2.0116999999999e-07 3.8329726578221237
2.0115999999998998e-07 3.8329726578003585
2.0114999999998997e-07 3.832972657778599
2.0113999999998995e-07 3.832972657756841
2.0112999999998994e-07 3.8329726577350676
2.0111999999998993e-07 3.832972657713315
2.0110999999998992e-07 3.832972657691557
2.010999999999899e-07 3.832972657669832
2.010899999999899e-07 3.832972657648031
2.0107999999998989e-07 3.832972657626293
2.0106999999998988e-07 3.8329726576045133
2.0105999999998986e-07 3.832972657582747
2.0104999999998985e-07 3.8329726575609957
2.0103999999998984e-07 3.832972657539236
2.0102999999998983e-07 3.8329726575174634
2.0101999999998982e-07 3.832972657495704
2.010099999999898e-07 3.8329726574739587
2.009999999999898e-07 3.832972657452207
2.0098999999998978e-07 3.832972657430441
2.0097999999998977e-07 3.832972657408668
2.0096999999998976e-07 3.83297265738693
2.0095999999998975e-07 3.8329726573651572
2.0094999999998974e-07 3.83297265734339
2.0093999999998973e-07 3.8329726573216387
2.0092999999998972e-07 3.8329726572998815
2.009199999999897e-07 3.8329726572781273
2.009099999999897e-07 3.832972657256355
2.0089999999998968e-07 3.8329726572345812
2.0088999999998967e-07 3.832972657212817
2.0087999999998966e-07 3.8329726571910765
2.0086999999998965e-07 3.832972657169304
2.0085999999998964e-07 3.832972657147553
2.0084999999998963e-07 3.8329726571257816
2.0083999999998961e-07 3.8329726571040283
2.008299999999896e-07 3.832972657082275
2.008199999999896e-07 3.832972657060501
2.0080999999998958e-07 3.83297265703875
2.0079999999998957e-07 3.8329726570169345
2.0078999999998956e-07 3.832972656995239
2.0077999999998955e-07 3.832972656973466
2.0076999999998954e-07 3.832972656951701
2.0075999999998952e-07 3.8329726569299623
2.007499999999895e-07 3.8329726569082037
2.007399999999895e-07 3.832972656886423
2.007299999999895e-07 3.832972656864672
2.0071999999998948e-07 3.832972656842919
2.0070999999998947e-07 3.832972656821154
2.0069999999998946e-07 3.8329726567993725
2.0068999999998944e-07 3.832972656777621
2.0067999999998943e-07 3.8329726567558695
2.0066999999998942e-07 3.8329726567341034
2.006599999999894e-07 3.832972656712351
2.006499999999894e-07 3.832972656690564
2.006399999999894e-07 3.8329726566688263
2.0062999999998938e-07 3.8329726566470947
2.0061999999998936e-07 3.8329726566253086
2.0060999999998935e-07 3.8329726566035496
2.0059999999998934e-07 3.832972656581798
2.0058999999998933e-07 3.832972656560024
2.0057999999998932e-07 3.832972656538251
2.005699999999893e-07 3.832972656516486
2.005599999999893e-07 3.8329726564947397
2.0054999999998929e-07 3.832972656472982
2.0053999999998927e-07 3.8329726564512288
2.0052999999998926e-07 3.8329726564294626
2.0051999999998925e-07 3.8329726564077053
2.0050999999998924e-07 3.832972656385946
2.0049999999998923e-07 3.8329726563642144
2.0048999999998922e-07 3.83297265634245
2.004799999999892e-07 3.8329726563206328
2.004699999999892e-07 3.832972656298924
2.0045999999998918e-07 3.832972656277143
2.0044999999998917e-07 3.8329726562553983
2.0043999999998916e-07 3.8329726562336255
2.0042999999998915e-07 3.8329726562118807
2.0041999999998914e-07 3.8329726561901167
2.0040999999998913e-07 3.8329726561683417
2.0039999999998912e-07 3.8329726561465756
2.003899999999891e-07 3.832972656124816
2.003799999999891e-07 3.8329726561030646
2.0036999999998908e-07 3.832972656081298
2.0035999999998907e-07 3.8329726560595394
2.0034999999998906e-07 3.8329726560377813
2.0033999999998905e-07 3.832972656016021
2.0032999999998904e-07 3.8329726559942694
2.0031999999998902e-07 3.8329726559725095
2.0030999999998901e-07 3.832972655950745
2.00299999999989e-07 3.8329726559290003
2.00289999999989e-07 3.8329726559072324
2.0027999999998898e-07 3.832972655885468
2.0026999999998897e-07 3.8329726558637014
2.0025999999998896e-07 3.832972655841935
2.0024999999998895e-07 3.8329726558201838
2.0023999999998893e-07 3.8329726557984176
2.0022999999998892e-07 3.832972655776659
2.002199999999889e-07 3.8329726557549066
2.002099999999889e-07 3.8329726557331405
2.001999999999889e-07 3.8329726557113744
2.0018999999998888e-07 3.8329726556896153
2.0017999999998887e-07 3.8329726556678616
2.0016999999998885e-07 3.8329726556460977
2.0015999999998884e-07 3.8329726556243453
2.0014999999998883e-07 3.8329726556025867
2.0013999999998882e-07 3.8329726555808
2.001299999999888e-07 3.832972655559047
2.001199999999888e-07 3.8329726555372816
2.0010999999998879e-07 3.83297265551555
2.0009999999998878e-07 3.832972655493784
2.0008999999998876e-07 3.8329726554720107
2.0007999999998875e-07 3.83297265545026
2.0006999999998874e-07 3.8329726554284993
2.0005999999998873e-07 3.832972655406734
2.0004999999998872e-07 3.832972655384989
2.000399999999887e-07 3.832972655363223
2.000299999999887e-07 3.8329726553414503
2.0001999999998868e-07 3.8329726553197045
2.0000999999998867e-07 3.832972655297919
