2085 88.8323
2086 88.8749
2087 88.9175
2088 88.9601
2089 89.0027
2090 89.0453
2091 89.0879
2092 89.1305
2093 89.1731
2094 89.2157
2095 89.2583
2096 89.3009
2097 89.3435
2098 89.3861
2099 89.4287
2100 89.4713
2101 89.5139
2102 89.5565
2103 89.5992
2104 89.6418
2105 89.6844
2106 89.727
2107 89.7696
2108 89.8122
2109 89.8548
2110 89.8974
2111 89.94
2112 89.9826
2113 90.0252
2114 90.0678
2115 90.1104
2116 90.153
2117 90.1956
2118 90.2382
2119 90.2808
2120 90.3234
2121 90.3661
2122 90.4087
2123 90.4513
2124 90.4939
2125 90.5365
2126 90.5791
2127 90.6217
2128 90.6643
2129 90.7069
2130 90.7495
2131 90.7921
2132 90.8347
2133 90.8773
2134 90.9199
2135 90.9625
2136 91.0051
2137 91.0477
2138 91.0903
2139 91.1329
2140 91.1756
2141 91.2182
2142 91.2608
2143 91.3034
2144 91.346
2145 91.3886
2146 91.4312
2147 91.4738
2148 91.5164
2149 91.559
2150 91.6016
2151 91.6442
2152 91.6868
2153 91.7294
2154 91.772
2155 91.8146
2156 91.8572
2157 91.8998
2158 91.9425
2159 91.9851
2160 92.0277
2161 92.0703
2162 92.1129
2163 92.1555
2164 92.1981
2165 92.2407
2166 92.2833
2167 92.3259
2168 92.3685
2169 92.4111
2170 92.4537
2171 92.4963
2172 92.5389
2173 92.5815
2174 92.6241
2175 92.6667
2176 92.7094
2177 92.752
2178 92.7946
2179 92.8372
2180 92.8798
2181 92.9224
2182 92.965
2183 93.0076
2184 93.0502
2185 93.0928
2186 93.1354
2187 93.178
2188 93.2206
2189 93.2632
2190 93.3058
2191 93.3484
2192 93.391
2193 93.4336
2194 93.4762
2195 93.5189
2196 93.5615
2197 93.6041
2198 93.6467
2199 93.6893
2200 93.7319
2201 93.7745
2202 93.8171
2203 93.8597
2204 93.9023
2205 93.9449
2206 93.9875
2207 94.0301
2208 94.0727
2209 94.1153
2210 94.1579
2211 94.2005
2212 94.2431
2213 94.2858
2214 94.3284
2215 94.371
2216 94.4136
2217 94.4562
2218 94.4988
2219 94.5414
2220 94.584
2221 94.6266
2222 94.6692
2223 94.7118
2224 94.7544
2225 94.797
2226 94.8396
2227 94.8822
2228 94.9248
2229 94.9674
2230 95.01
2231 95.0527
2232 95.0953
2233 95.1379
2234 95.1805
2235 95.2231
2236 95.2657
2237 95.3083
2238 95.3509
2239 95.3935
2240 95.4361
2241 95.4787
2242 95.5213
2243 95.5639
2244 95.6065
2245 95.6491
2246 95.6917
2247 95.7343
2248 95.7769
2249 95.8195
2250 95.8622
2251 95.9048
2252 95.9474
2253 95.99
2254 96.0326
2255 96.0752
2256 96.1178
2257 96.1604
2258 96.203
2259 96.2456
2260 96.2882
2261 96.3308
2262 96.3734
2263 96.416
2264 96.4586
