1 5968 90111.25564575195 8557.08122253418
2 15700 150581.83670043945 12461.423873901367
3 20325 210241.79458618164 26301.38397216797
4 26998 274621.96350097656 25009.870529174805
5 32380 329846.6205596924 24239.540100097656
6 41193 388526.43966674805 28358.22105407715
7 58652 461990.3564453125 32889.84298706055
8 55702 544509.8876953125 40815.35339355469
9 63467 610154.390335083 37731.88591003418
10 67696 651410.1028442383 39980.88836669922
11 75187 689810.5144500732 43067.93212890625
12 80818 772804.4986724854 44301.509857177734
13 89858 818249.2256164551 48707.96203613281
14 95121 878919.1246032715 50654.88815307617
15 102640 946102.6191711426 53103.92379760742
16 112800 1000865.4594421387 90153.69415283203
17 116383 1060510.3969573975 95915.07911682129
18 124554 1126384.973526001 94240.18859863281
19 137539 1208992.2428131104 98320.00732421875
20 141550 1244018.5546875 122747.42126464844
21 147080 1297925.4722595215 113405.46607971191
22 153401 1358392.7154541016 116303.2054901123
23 167812 1437543.6305999756 122118.23463439941
24 167920 1586246.4904785156 125174.99923706055
25 190890 1808612.1082305908 232656.24046325684
26 346287 3103226.42326355 228963.85192871094
27 354845 3205547.094345093 236583.70971679688
28 379582 3349884.9868774414 209326.02882385254
29 392835 3640382.5283050537 257226.46713256836
30 405019 3547511.577606201 253859.7583770752
31 424384 3659656.286239624 266601.0856628418
32 439361 3811685.562133789 260029.55436706543
33 451292 3891062.9749298096 287883.2817077637
34 471980 4056139.4691467285 273010.25390625
35 485652 4154620.409011841 245833.6353302002
36 506929 4228627.681732178 248782.87315368652
37 513401 4370680.332183838 306346.8933105469
38 527495 4469768.524169922 324085.95085144043
39 546599 4841251.373291016 307977.91481018066
40 561565 4730044.603347778 334873.4378814697
41 570746 4845865.488052368 334011.3162994385
42 589483 5036397.695541382 353983.64067077637
43 604391 5180451.154708862 361542.7017211914
44 622324 5165090.084075928 355074.1672515869
45 637340 5342493.057250977 366486.0725402832
46 651710 5489487.171173096 368887.42446899414
47 667065 5759692.907333374 381964.20669555664
48 683808 5642157.077789307 386777.1625518799
49 706104 5790779.113769531 399307.4893951416
50 708586 5847367.525100708 417939.4245147705
51 735846 6067031.145095825 422642.2309875488
52 742689 6144825.458526611 424100.1605987549
53 754276 6386388.301849365 427580.5950164795
54 779466 6534040.451049805 445149.66011047363
55 798248 6498882.293701172 450954.6756744385
56 801388 6765655.279159546 463147.8786468506
57 829504 6722594.976425171 472519.8745727539
58 838342 6834025.621414185 481839.1799926758
59 856119 7001994.848251343 500186.2049102783
60 881375 7084788.084030151 490391.49284362793
61 881983 7215056.1809539795 495775.6996154785
62 900952 7336792.707443237 509475.7080078125
63 920394 7417033.1954956055 501574.2778778076
64 931764 7537423.133850098 524051.6662597656
65 953089 7655580.759048462 535522.4609375
66 978854 8011979.818344116 538018.7034606934
67 986718 7910552.024841309 544967.6513671875
68 999930 8043946.027755737 572006.7024230957
69 1021027 8062055.826187134 575057.9833984375
70 1032663 8227319.717407227 562952.0416259766
71 1051811 8369034.767150879 587666.5115356445
72 1060820 8494599.58076477 590423.1071472168
73 1095499 8510565.280914307 593755.2452087402
74 1095327 8756950.616836548 593836.784362793
75 1111052 8816046.476364136 604616.8804168701
76 1118632 9305211.305618286 631223.201751709
77 1148368 9147138.595581055 633322.00050354
78 1162067 9184247.493743896 652045.9651947021
79 1180807 9521579.74243164 650354.6237945557
80 1194315 9524253.368377686 650475.7404327393
81 1205279 9692275.524139404 662319.4217681885
82 1235722 9750282.287597656 726496.9348907471
83 1245834 9814305.305480957 672986.7458343506
84 1259707 9914563.417434692 688705.6827545166
85 1278175 10207322.359085083 694533.3480834961
86 1330524 10191311.120986938 708064.3177032471
87 1308148 10367492.91419983 710853.3382415771
88 1328555 10372359.51423645 700420.1412200928
89 1346724 10609614.133834839 728933.572769165
90 1365520 10570695.161819458 737770.3189849854
91 1383891 10798374.891281128 745002.7465820312
92 1381943 11443843.364715576 742208.2424163818
93 1519359 11374784.231185913 756167.8886413574
94 1439477 11920955.657958984 760378.360748291
95 1448023 11291804.075241089 820764.5416259766
96 1469566 11623358.011245728 817599.2965698242
97 1460936 11708191.633224487 887134.0751647949
98 1515522 11892891.40701294 799885.9882354736
99 1507709 11771755.695343018 797051.4297485352
100 1519037 11904958.248138428 815786.600112915
