1 7.55814 8.13953488372 8.13953488372
2 6.39535 5.23255813953 8.13953488372
3 6.97674 4.6511627907 4.6511627907
4 8.72093 4.6511627907 7.55813953488
5 9.88372 5.23255813953 5.23255813953
6 9.88372 5.23255813953 5.81395348837
7 11.0465 5.81395348837 5.81395348837
8 11.6279 4.06976744186 6.39534883721
9 12.7907 4.6511627907 4.6511627907
10 13.9535 4.06976744186 5.81395348837
11 14.5349 5.23255813953 5.23255813953
12 15.6977 6.39534883721 5.81395348837
13 16.8605 6.39534883721 6.39534883721
14 16.8605 5.23255813953 5.23255813953
15 17.4419 6.39534883721 6.39534883721
16 18.0233 6.97674418605 6.39534883721
17 19.186 6.39534883721 6.39534883721
18 19.7674 7.55813953488 6.39534883721
19 20.9302 7.55813953488 7.55813953488
20 20.9302 7.55813953488 6.97674418605
21 20.9302 6.97674418605 6.97674418605
22 22.093 8.72093023256 6.97674418605
23 22.093 6.97674418605 6.97674418605
24 22.093 8.13953488372 8.13953488372
25 23.2558 8.13953488372 8.72093023256
26 23.8372 10.4651162791 8.72093023256
27 23.8372 9.88372093023 9.88372093023
28 23.8372 10.4651162791 9.88372093023
29 23.8372 9.88372093023 9.88372093023
30 24.4186 11.0465116279 10.4651162791
31 24.4186 11.6279069767 11.6279069767
32 24.4186 11.0465116279 11.0465116279
33 24.4186 11.6279069767 11.6279069767
34 25 11.6279069767 11.6279069767
35 25 12.2093023256 12.2093023256
36 25 13.3720930233 12.2093023256
37 25.5814 13.3720930233 13.3720930233
38 25.5814 13.9534883721 12.7906976744
39 25.5814 12.7906976744 12.7906976744
40 25.5814 13.3720930233 12.2093023256
41 25.5814 13.3720930233 13.9534883721
42 26.1628 14.5348837209 12.7906976744
43 26.1628 14.5348837209 14.5348837209
44 26.1628 14.5348837209 13.9534883721
45 26.1628 13.9534883721 13.9534883721
46 26.1628 13.9534883721 13.9534883721
47 26.1628 13.9534883721 13.9534883721
48 26.1628 14.5348837209 13.9534883721
49 26.1628 14.5348837209 14.5348837209
50 26.1628 15.1162790698 13.9534883721
51 26.1628 14.5348837209 14.5348837209
52 26.1628 15.1162790698 13.9534883721
53 26.1628 15.1162790698 15.1162790698
54 26.1628 15.1162790698 15.1162790698
55 26.1628 15.1162790698 15.1162790698
56 26.1628 15.1162790698 15.6976744186
57 26.1628 15.1162790698 15.1162790698
58 26.1628 15.1162790698 15.1162790698
59 26.1628 15.1162790698 15.1162790698
60 26.1628 15.1162790698 15.6976744186
61 26.1628 15.1162790698 15.1162790698
62 26.1628 15.6976744186 16.2790697674
63 26.1628 16.8604651163 16.8604651163
64 26.1628 16.8604651163 16.2790697674
65 26.1628 16.8604651163 16.8604651163
66 26.7442 17.4418604651 16.8604651163
67 26.7442 17.4418604651 17.4418604651
68 26.7442 16.8604651163 16.8604651163
69 26.7442 16.8604651163 16.8604651163
70 26.7442 16.8604651163 16.2790697674
71 26.7442 17.4418604651 17.4418604651
72 26.7442 18.023255814 18.023255814
73 26.7442 18.023255814 18.023255814
74 26.7442 19.1860465116 18.023255814
75 26.7442 19.1860465116 19.1860465116
76 26.7442 19.1860465116 19.7674418605
77 26.7442 18.6046511628 18.6046511628
78 26.7442 18.6046511628 18.6046511628
79 26.7442 18.6046511628 18.6046511628
80 26.7442 19.1860465116 19.1860465116
81 26.7442 19.1860465116 19.1860465116
82 26.7442 19.1860465116 19.1860465116
83 27.3256 19.1860465116 19.1860465116
84 27.3256 19.1860465116 20.3488372093
85 27.3256 20.3488372093 20.9302325581
86 27.3256 20.3488372093 20.3488372093
87 27.3256 19.7674418605 19.7674418605
88 27.3256 20.3488372093 19.1860465116
89 27.907 19.7674418605 19.7674418605
90 27.907 19.7674418605 19.7674418605
91 28.4884 20.3488372093 20.3488372093
92 28.4884 19.7674418605 19.1860465116
93 28.4884 19.1860465116 19.1860465116
94 29.0698 19.1860465116 19.1860465116
95 29.0698 18.6046511628 18.6046511628
96 29.0698 19.7674418605 18.6046511628
97 29.0698 19.1860465116 19.1860465116
98 29.0698 19.7674418605 18.6046511628
99 29.0698 18.6046511628 18.6046511628
100 29.6512 19.7674418605 19.1860465116
