1.2671339423904933 1.0386488489821035 0.053336545954833066 0.053336545954833066 Stable-Gain
2.0477425795977515 1.7633250827900189 -0.11370766625575421 -0.11370766625575421 Stable-Loss
1.2348366805844753 1.129511498059961 0.14867242243771844 0.14867242243771844 Stable-Gain
1.4863551306615237 1.121929984071249 -0.11898111792819281 -0.11898111792819281 Stable-Loss
1.437208970193948 1.2730549494319947 -0.08523670063888862 -0.08523670063888862 Stable-Loss
1.2365851880034342 1.188001514515076 -0.026546134716228974 -0.026546134716228974 Stable-Loss
1.1181319427474843 0.9980793878443346 0.1130350308104061 0.1130350308104061 Stable-Gain
0.9688313471092709 0.8181555688824911 -0.06843658345935405 -0.06843658345935405 Stable-Loss
1.7798144517315644 1.2888335620143254 -0.07771021184758588 -0.07771021184758588 Stable-Loss
1.2980662320879532 1.014300503256772 -0.12296198884632623 -0.12296198884632623 Stable-Loss
0.8582547700175678 0.7767598051309736 -0.08071052770403694 -0.08071052770403694 Stable-Loss
0.9996717705248548 0.8344938106201704 0.009115918477853242 0.009115918477853242 Stable-Gain
1.3732365414694085 1.1726033312592474 -0.27102427294389025 -0.27102427294389025 Stable-Loss
1.921656603154657 1.534315279261288 -0.023233171675197735 -0.023233171675197735 Stable-Loss
0.828693270351178 0.760850708346945 0.0973197359174599 0.0973197359174599 Stable-Gain
0.8328812151182151 0.7700644139033582 0.09056778158348336 0.09056778158348336 Stable-Gain
1.1994409517133506 0.9451784807133332 0.14817412884666678 0.14817412884666678 Stable-Gain
0.8649935457735054 0.7822816098396628 -0.009283621461000436 -0.009283621461000436 Stable-Loss
1.0911529252795829 1.0340726456999287 -0.17919202977523555 -0.17919202977523555 Stable-Loss
1.1704629586886877 1.1466829259123275 -0.29738744354276486 -0.29738744354276486 Stable-Loss
0.9039373050308795 0.7314470892537095 0.06868228156850834 0.06868228156850834 Stable-Gain
0.9870042096546492 0.9810414409266734 -0.1375110937510096 -0.1375110937510096 Stable-Loss
0.7729230854749654 0.7293868902671214 0.07535278340600356 0.07535278340600356 Stable-Gain
1.4279026960139758 1.182354227687323 -0.1540664726897557 -0.1540664726897557 Stable-Loss
1.4433762427157424 1.3802210817079175 -0.055397886432303804 -0.055397886432303804 Stable-Loss
2.026441378667946 1.6812393044315175 -0.5150424478367631 -0.5150424478367631 Stable-Loss
1.6083605120034785 1.41258357267314 0.029000037507213958 0.029000037507213958 Stable-Gain
0.9200743288144176 0.8913592352299623 -0.1153719012391177 -0.1153719012391177 Stable-Loss
1.067483399209219 0.9648795598226847 0.060515489671896926 0.060515489671896926 Stable-Gain
1.652142218629004 1.3966494353828827 -0.1223723900580947 -0.1223723900580947 Stable-Loss
1.7520663611390166 1.598194846817007 -0.35255585644220766 -0.35255585644220766 Stable-Loss
3.5217743936398787 3.152585179169734 0.05153941779206595 0.05153941779206595 Volatile-Gain
1.1328963852744183 0.9584732844974001 -0.06535083049487293 -0.06535083049487293 Stable-Loss
1.3426414363123735 1.134331574935694 -0.3857017041451169 -0.3857017041451169 Stable-Loss
1.0655021751922642 0.9251545808892175 0.0005754235520358304 0.0005754235520358304 Stable-Gain
1.4572100494538718 1.1671441665205078 -0.20326354287599183 -0.20326354287599183 Stable-Loss
0.9415809640671257 0.7511597889070102 0.11358931433038258 0.11358931433038258 Stable-Gain
1.805023400730536 1.489715753976339 -0.1449982776306953 -0.1449982776306953 Stable-Loss
1.4103478680912025 1.2973370540104157 -0.16567374519462325 -0.16567374519462325 Stable-Loss
1.0267691559510173 0.8948391663224607 0.09392765484130886 0.09392765484130886 Stable-Gain
0.8774376995495957 0.7971236593564093 0.08965509895806964 0.08965509895806964 Stable-Gain
1.2543853714250037 1.0426587970897607 -0.3164290172199367 -0.3164290172199367 Stable-Loss
1.855965388046745 1.6269572523528661 -0.3340005924514657 -0.3340005924514657 Stable-Loss
1.675460060183254 1.5631067532746143 -0.32556096007869945 -0.32556096007869945 Stable-Loss
0.9284276205715823 0.8345859336346765 -0.011549554547953146 -0.011549554547953146 Stable-Loss
1.0073787707404969 0.8874697498868558 -0.08782209873901156 -0.08782209873901156 Stable-Loss
1.6019131351386995 1.3983269491024441 -0.3365824068160682 -0.3365824068160682 Stable-Loss
1.0216848839427957 0.7608371212996408 -0.04616737734271674 -0.04616737734271674 Stable-Loss
1.8050150846338158 1.5221372598489398 -0.003346429326205524 -0.003346429326205524 Stable-Loss
1.8382149521129907 1.5597223560587248 -0.3886052999810508 -0.3886052999810508 Stable-Loss
0.8727214623076786 0.6674663747464965 0.04024287024242327 0.04024287024242327 Stable-Gain
1.7315708420010112 1.5465605608266952 0.09339671948213095 0.09339671948213095 Stable-Gain
1.043254409230965 1.0100134116468353 -0.17209029488600242 -0.17209029488600242 Stable-Loss
0.8965318449514965 0.707753356498741 0.06358503563653399 0.06358503563653399 Stable-Gain
1.0474034035199893 0.9135932093988663 0.024574301924673712 0.024574301924673712 Stable-Gain
1.6342015675571413 1.6500239049170098 -0.1437447624065642 -0.1437447624065642 Stable-Loss
1.1146663958444112 0.9741744437887938 0.16778035817019238 0.16778035817019238 Stable-Gain
1.4669627369895846 1.3115429984736444 -0.0416068926994363 -0.0416068926994363 Stable-Loss
1.1138318127722453 1.0570348537711451 -0.15465103301734376 -0.15465103301734376 Stable-Loss
1.0480110565354086 0.855002587843229 -0.12712115321773143 -0.12712115321773143 Stable-Loss
1.0325304063805465 0.9470584101524621 -0.09368574168661102 -0.09368574168661102 Stable-Loss
1.5627056592188924 1.369631322470364 -0.24555553472311084 -0.24555553472311084 Stable-Loss
0.9480350053948634 0.7774316078081719 -0.06603034364994795 -0.06603034364994795 Stable-Loss
1.3018114091507909 1.1731434093165911 -0.04687037187549372 -0.04687037187549372 Stable-Loss
1.7465153695477469 1.6328788237043965 -0.14464768640546344 -0.14464768640546344 Stable-Loss
1.4843024809137166 1.4690368694928309 -0.3933247939695593 -0.3933247939695593 Stable-Loss
1.4906055486536718 1.3275012915073845 -0.10239937041852121 -0.10239937041852121 Stable-Loss
1.0409939262682717 0.9312386630783913 -0.10874665579661226 -0.10874665579661226 Stable-Loss
1.2308970263234325 1.1146885249628435 -0.10985431959738808 -0.10985431959738808 Stable-Loss
1.1670175523766293 1.1281263652031295 -0.23849324067851804 -0.23849324067851804 Stable-Loss
1.1035343318857793 1.0154188624641862 0.21762269937788495 0.21762269937788495 Stable-Gain
1.1606772786684934 1.0375191867186357 -0.12143206876764141 -0.12143206876764141 Stable-Loss
1.3525289997781613 1.2072424048828678 0.06293161278515495 0.06293161278515495 Stable-Gain
1.631888901934121 1.4716819940283525 -0.21405872955855376 -0.21405872955855376 Stable-Loss
0.9252543258269013 0.7466191760712594 -0.04898998293699082 -0.04898998293699082 Stable-Loss
1.2021128266499985 1.0847067297448691 -0.17172132480340405 -0.17172132480340405 Stable-Loss
1.3160592347963922 1.2164841161675932 -0.2040279477135551 -0.2040279477135551 Stable-Loss
1.238582537245354 1.196573150898258 0.021434951666702593 0.021434951666702593 Stable-Gain
1.634446498527642 1.5252268575234045 -0.10141445305179186 -0.10141445305179186 Stable-Loss
0.8716125263904455 0.7863767675586161 -0.04222428482300474 -0.04222428482300474 Stable-Loss
1.1520748258034577 1.0380678923703366 0.04034943191477042 0.04034943191477042 Stable-Gain
1.2186264694281388 0.9549214656308344 -0.1794775793899689 -0.1794775793899689 Stable-Loss
1.3038317447937415 1.08475410845112 -0.0925806898963376 -0.0925806898963376 Stable-Loss
0.8857340023430039 0.7425208225047079 0.0005765312788518066 0.0005765312788518066 Stable-Gain
1.1763037328726487 1.0766278296386516 -0.057936214836142745 -0.057936214836142745 Stable-Loss
1.2985592916514888 1.0411764827174834 -0.03789220756594672 -0.03789220756594672 Stable-Loss
1.4107727283495681 1.197393311209903 -0.24751290623113623 -0.24751290623113623 Stable-Loss
1.1272415900241908 1.061419897083773 -0.13316720882785812 -0.13316720882785812 Stable-Loss
1.8266264663554768 1.5646825158457913 -0.03329824409185674 -0.03329824409185674 Stable-Loss
1.1258870394470077 0.9538880970743642 -0.2028222710633417 -0.2028222710633417 Stable-Loss
1.116698506612798 0.937087260781971 0.1910419639756482 0.1910419639756482 Stable-Gain
1.022907979625311 0.9753563042188234 -0.04617052500701221 -0.04617052500701221 Stable-Loss
1.5220797329589173 1.229723924248206 0.04217790536218347 0.04217790536218347 Stable-Gain
1.2293299484764864 1.0942323655711372 0.1604268672230989 0.1604268672230989 Stable-Gain
0.9317914831990031 0.9205522820194336 0.09169581495448409 0.09169581495448409 Stable-Gain
0.9772979741434193 0.864682034860804 -0.06902983883055032 -0.06902983883055032 Stable-Loss
1.047411507332265 0.8869649227204986 0.16114398788791295 0.16114398788791295 Stable-Gain
1.0679634850087292 1.0017299545091485 -0.2569193886979198 -0.2569193886979198 Stable-Loss
1.2216478442398693 0.9840970464582001 0.06388291318065646 0.06388291318065646 Stable-Gain
0.9146324150877556 0.7911633777197254 0.13878329283849047 0.13878329283849047 Stable-Gain
1.4527799198071205 1.336270415303536 -0.0370254682591409 -0.0370254682591409 Stable-Loss
1.2104746706274094 1.1670740840878464 0.01177489132156089 0.01177489132156089 Stable-Gain
0.8304755146905876 0.7455083410110096 0.06485725672642828 0.06485725672642828 Stable-Gain
1.3108676972786635 1.148367710185883 -0.041238854558669685 -0.041238854558669685 Stable-Loss
0.8177106286624684 0.7284320593279776 0.009977452161109596 0.009977452161109596 Stable-Gain
1.1009692875799626 1.0371090583497113 -0.16585144833070103 -0.16585144833070103 Stable-Loss
1.5764759308286975 1.4074353142219105 0.03756664357610435 0.03756664357610435 Stable-Gain
1.209128843069623 1.0097276903027332 0.029439651477688993 0.029439651477688993 Stable-Gain
1.3877799514524456 1.2340475891362277 -0.09032848646689545 -0.09032848646689545 Stable-Loss
1.0319381766661255 0.8305060026995593 0.000643301560719613 0.000643301560719613 Stable-Gain
2.13423815362829 1.9934902309151983 -0.5319069897040803 -0.5319069897040803 Volatile-Loss
1.2865791303415715 1.171497303297075 -0.09922969882565165 -0.09922969882565165 Stable-Loss
1.7754012264061085 1.3036990027311033 -0.07810011213984941 -0.07810011213984941 Stable-Loss
1.2441482533707062 0.9602543857422828 0.04680526329432545 0.04680526329432545 Stable-Gain
1.1139966635060923 0.982935008414824 -0.03140215020733448 -0.03140215020733448 Stable-Loss
1.1051296767113818 0.9074985972974132 -0.16790585700888855 -0.16790585700888855 Stable-Loss
1.7067953881397395 1.4566102711460338 -0.13097355983391087 -0.13097355983391087 Stable-Loss
1.133123081826562 0.8933880196946069 -0.17998893737525493 -0.17998893737525493 Stable-Loss
0.7976846459730121 0.7798492593607108 -0.04034644915053147 -0.04034644915053147 Stable-Loss
1.246563998004524 1.2082506289515447 0.07621992187716838 0.07621992187716838 Stable-Gain
1.0950193642532897 1.0233581874911994 -0.0805613412302401 -0.0805613412302401 Stable-Loss
1.730793705588301 1.4937758528781482 -0.14898240833374515 -0.14898240833374515 Stable-Loss
0.8777438478598045 0.7843226057795522 0.05456071944077901 0.05456071944077901 Stable-Gain
1.3094199756134195 1.127222561644708 0.02713715404797792 0.02713715404797792 Stable-Gain
1.5310214135915723 1.3517032054119045 0.04515754198898451 0.04515754198898451 Stable-Gain
1.1379461123659331 0.9809484585490308 -0.12103045667508985 -0.12103045667508985 Stable-Loss
1.0994113617486594 0.9293096560413159 0.075824016971045 0.075824016971045 Stable-Gain
0.9015585798994424 0.8451933143210528 -0.23243342577719306 -0.23243342577719306 Stable-Loss
1.4672626193088356 1.2777426344165566 -0.2097445659332783 -0.2097445659332783 Stable-Loss
1.003629362265692 0.8653343227343402 0.013812807767366313 0.013812807767366313 Stable-Gain
0.9530963267921837 0.8508469994808461 0.022130590750997835 0.022130590750997835 Stable-Gain
1.6650810165784073 1.4595952989304117 0.079894789881241 0.079894789881241 Stable-Gain
1.5741359700708581 1.4114425915727025 0.06892230304763065 0.06892230304763065 Stable-Gain
1.9672942258860535 1.692986971844971 -0.11501839727456004 -0.11501839727456004 Stable-Loss
0.9860140724807348 0.8365484720279547 -0.08078187644751897 -0.08078187644751897 Stable-Loss
1.2342774211006304 1.0764014964362598 -0.035760001447984954 -0.035760001447984954 Stable-Loss
1.000335528603054 0.9359035196123013 -0.0017161409505057838 -0.0017161409505057838 Stable-Loss
0.9861508597206305 0.7592084281671132 -0.04356718901917931 -0.04356718901917931 Stable-Loss
1.0521002761224894 0.8886861615887395 -0.04987742377585922 -0.04987742377585922 Stable-Loss
0.7945185184063109 0.7483331798163612 0.07781877639669947 0.07781877639669947 Stable-Gain
0.8427694624395308 0.7420266985357461 0.08834603275048218 0.08834603275048218 Stable-Gain
1.5865330304870096 1.4379731888755303 -0.17641678056527096 -0.17641678056527096 Stable-Loss
1.7609255595490352 1.513265076594934 -0.4967662750307059 -0.4967662750307059 Stable-Loss
1.275427193557075 1.2491916094758035 -0.22238421377570222 -0.22238421377570222 Stable-Loss
1.3442707137952727 1.1502703936393683 -0.36738052195311266 -0.36738052195311266 Stable-Loss
1.5675558079401914 1.3262013944595907 -0.531157908212734 -0.531157908212734 Stable-Loss
1.237370981051662 1.1080119934257886 -0.23016717746016466 -0.23016717746016466 Stable-Loss
0.8215106643744274 0.6872517372093099 0.06227390060077323 0.06227390060077323 Stable-Gain
0.909807933975674 0.7627928718994127 0.0058765426884735015 0.0058765426884735015 Stable-Gain
1.0484349763598748 0.9911389564310206 -0.2758231123487384 -0.2758231123487384 Stable-Loss
1.3116649891161472 0.9742364039299043 -0.1238450962615124 -0.1238450962615124 Stable-Loss
1.2426017177360797 1.4358700327497733 -0.02315299708154838 -0.02315299708154838 Stable-Loss
1.2131392617859849 1.0440388922189914 -0.29988697149592747 -0.29988697149592747 Stable-Loss
1.1549594654431057 0.984660005196384 -0.12375901030021866 -0.12375901030021866 Stable-Loss
1.5417921089152689 1.349181118927351 -0.22130862351137387 -0.22130862351137387 Stable-Loss
1.029942131446322 0.8787606883484286 -0.164964402077749 -0.164964402077749 Stable-Loss
0.8864227294208606 0.7606596804996929 0.04907454601245606 0.04907454601245606 Stable-Gain
1.9312769739834312 1.8049040760009194 -0.4434181148053642 -0.4434181148053642 Stable-Loss
0.8221343632991117 0.7216746065018815 0.11305480663930342 0.11305480663930342 Stable-Gain
0.9527661731945917 0.737114025415843 0.0772747822356192 0.0772747822356192 Stable-Gain
1.330895155256168 1.1882868438009186 -0.2669119339366802 -0.2669119339366802 Stable-Loss
1.0700748479318622 0.9930762058431747 -0.10847474648572997 -0.10847474648572997 Stable-Loss
0.8593335645160833 0.720204672458572 0.058185568560566246 0.058185568560566246 Stable-Gain
1.6159335796522887 1.3509672480720905 0.07060885195612712 0.07060885195612712 Stable-Gain
0.7935837084818219 0.7095788349572046 0.07258069355613142 0.07258069355613142 Stable-Gain
1.1775609168123937 1.0224913388058372 -0.05186349003609617 -0.05186349003609617 Stable-Loss
1.2317576464702467 1.1593833001545828 -0.09750441782813828 -0.09750441782813828 Stable-Loss
0.9420179873613953 0.7879036098876244 -0.024259125205126398 -0.024259125205126398 Stable-Loss
1.3019098717952597 1.1153319030663804 -0.18048827279156837 -0.18048827279156837 Stable-Loss
1.2023442472668284 1.0849527765153806 -0.031242303295498246 -0.031242303295498246 Stable-Loss
1.7223563363273746 1.4245952782774451 -0.34434080817905804 -0.34434080817905804 Stable-Loss
1.3616961005978685 1.1020127966264914 -0.3049499374544495 -0.3049499374544495 Stable-Loss
1.9940201912464615 2.0138944276258366 -0.4001599083650116 -0.4001599083650116 Volatile-Loss
1.2941627387999617 1.179668101165586 -0.19658757494859921 -0.19658757494859921 Stable-Loss
0.9030803883729559 0.7941220359815621 0.05903094096428924 0.05903094096428924 Stable-Gain
1.2754575472429908 1.0095585850943178 -0.05833056712986862 -0.05833056712986862 Stable-Loss
0.9299485023620192 0.6904768432904373 -0.035005791427826824 -0.035005791427826824 Stable-Loss
1.0131842318673971 0.7907342746495347 -0.012088090372552585 -0.012088090372552585 Stable-Loss
1.1583150513959812 0.9793123504166295 -0.15730896158930163 -0.15730896158930163 Stable-Loss
1.7509735985911767 1.4765353111797985 0.02472634304929771 0.02472634304929771 Stable-Gain
1.2674018756197607 1.0840530307289227 -0.23473212064028215 -0.23473212064028215 Stable-Loss
1.5713066202544816 1.47360195474139 -0.31834908705915477 -0.31834908705915477 Stable-Loss
1.5619686554774488 1.5492556867708234 -0.015054494285031878 -0.015054494285031878 Stable-Loss
1.270969343584104 1.1454940673449907 -0.11340682878870428 -0.11340682878870428 Stable-Loss
0.6037715849458548 0.5159283498942341 0.04835230773616342 0.04835230773616342 Stable-Gain
0.5825086492179 0.5172074765445315 0.04433938077123583 0.04433938077123583 Stable-Gain
0.946909487715474 0.7404098509810855 0.00450325862406498 0.00450325862406498 Stable-Gain
1.6559344759870878 1.6057293414822162 -0.32746467727725503 -0.32746467727725503 Stable-Loss
1.0433519244113518 0.9169230889180129 -0.11218008041782462 -0.11218008041782462 Stable-Loss
1.0571530537008516 0.9843128658188078 -0.13483748559055192 -0.13483748559055192 Stable-Loss
1.955755961898727 1.947781280670616 -0.5083452554144333 -0.5083452554144333 Stable-Loss
1.2444542890526415 1.0433887605249828 -0.12478366294511678 -0.12478366294511678 Stable-Loss
1.2205339826776738 1.1361887487314948 -0.10106172498961122 -0.10106172498961122 Stable-Loss
1.329889176182811 1.1227959649810098 0.010447642716025126 0.010447642716025126 Stable-Gain
1.4063816272100822 1.488267277428585 -0.088099195532885 -0.088099195532885 Stable-Loss
1.3044044175038172 0.973524214158868 -0.143472514777832 -0.143472514777832 Stable-Loss
1.3144886524681896 1.001440986260831 -0.1467677297241132 -0.1467677297241132 Stable-Loss
0.845000793686087 0.736826099604912 0.031151594845596157 0.031151594845596157 Stable-Gain
1.2780293141957162 1.0478520251235615 -0.10659942928103214 -0.10659942928103214 Stable-Loss
1.5781148793602064 1.27653921129424 -0.16476228835822365 -0.16476228835822365 Stable-Loss
0.9957572653098068 0.8944519697525879 0.01003156317732167 0.01003156317732167 Stable-Gain
1.2065021895464358 1.1261052379934542 -0.2217634817643734 -0.2217634817643734 Stable-Loss
1.5929956413694026 1.4076879680517045 -0.08985238046822214 -0.08985238046822214 Stable-Loss
1.2820939764544914 1.2812647545591689 -0.16147781945436562 -0.16147781945436562 Stable-Loss
1.420606917350473 1.4103492409412555 -0.3530472353060747 -0.3530472353060747 Stable-Loss
1.1770261635040722 1.046192528463238 -0.10564710740954399 -0.10564710740954399 Stable-Loss
1.0352018134697751 0.9078683431924849 -0.1604539733970401 -0.1604539733970401 Stable-Loss
1.7340052424671428 1.5746562404996285 -0.37012710533521803 -0.37012710533521803 Stable-Loss
1.2084924552192229 1.167513197696078 0.13309141989028 0.13309141989028 Stable-Gain
1.047383739266034 0.8385752222161789 0.09868231689964832 0.09868231689964832 Stable-Gain
0.9762534355410022 0.9292966988672695 -0.1435888297922545 -0.1435888297922545 Stable-Loss
1.8135887645985171 1.6993895968762014 -0.24614133899437318 -0.24614133899437318 Stable-Loss
0.9032415391781959 0.9368801782212962 -0.19486661384148254 -0.19486661384148254 Stable-Loss
1.3586705020779188 1.1475447351378234 -0.12820817261776468 -0.12820817261776468 Stable-Loss
1.1701652842010848 1.0165300040951593 -0.10532795870601412 -0.10532795870601412 Stable-Loss
1.2810921827964599 1.3512417045259235 -0.1460000147440765 -0.1460000147440765 Stable-Loss
1.209896458662223 1.0625656445800813 0.01900672407631418 0.01900672407631418 Stable-Gain
0.9487375282165252 0.8347318264937682 -0.044585545106574975 -0.044585545106574975 Stable-Loss
1.705452875358289 1.6678702524844748 -0.0905170076220457 -0.0905170076220457 Stable-Loss
1.528548495720331 1.403563611864996 -0.08423135866612712 -0.08423135866612712 Stable-Loss
1.2730318170566168 1.0068651715325387 -0.04769728402723507 -0.04769728402723507 Stable-Loss
1.2027109980270136 0.9858359153182984 0.0873052746050556 0.0873052746050556 Stable-Gain
0.9711509847297998 0.8438603027239304 0.18555303434484088 0.18555303434484088 Stable-Gain
1.2510631873185412 1.1249032646892763 -0.0780800933742398 -0.0780800933742398 Stable-Loss
1.1614288425905521 1.239017670873148 0.08327726119121331 0.08327726119121331 Stable-Gain
1.0943049929508863 0.8978325180283485 -0.16838771025608082 -0.16838771025608082 Stable-Loss
0.997682823301103 0.8915636363044923 0.11850319716044956 0.11850319716044956 Stable-Gain
1.1132515877566604 1.0266650021533053 -0.030948888479312164 -0.030948888479312164 Stable-Loss
1.1141628457823902 0.9952548282520542 -0.21181817670965536 -0.21181817670965536 Stable-Loss
0.9096484140777935 0.7652628596498678 0.040490327757312164 0.040490327757312164 Stable-Gain
1.464935342551077 1.0839951653160065 -0.22255190321979257 -0.22255190321979257 Stable-Loss
0.9767128058983618 0.8279172342238593 0.07258874985841886 0.07258874985841886 Stable-Gain
1.7904264726610382 1.5651519142843735 0.003263478442273354 0.003263478442273354 Stable-Gain
1.6363099808391803 1.4817611009910647 -0.06305798395664654 -0.06305798395664654 Stable-Loss
0.995947519934595 0.820352054950717 -0.05931668409434608 -0.05931668409434608 Stable-Loss
1.5019626412231275 1.1591313222959867 -0.05787901152552225 -0.05787901152552225 Stable-Loss
1.419560552801451 1.0957443103890583 -0.03638719785914738 -0.03638719785914738 Stable-Loss
1.345433409300819 1.0654795349885162 -0.21017731223945813 -0.21017731223945813 Stable-Loss
1.3370092130145965 1.1922381583590147 0.0031999318346029337 0.0031999318346029337 Stable-Gain
2.2923514718564686 1.718607642617449 -0.5299756080667546 -0.5299756080667546 Volatile-Loss
1.2475531168142227 1.2061108290454219 0.03784302352831458 0.03784302352831458 Stable-Gain
1.0821973633255388 0.916522676008273 0.03305375005845185 0.03305375005845185 Stable-Gain
1.205283861671689 0.91551099434233 -0.08855663375266636 -0.08855663375266636 Stable-Loss
1.636508934942469 1.351211288517134 -0.04539882776510733 -0.04539882776510733 Stable-Loss
1.1960812134518475 1.0272513127603204 0.007233095215969753 0.007233095215969753 Stable-Gain
1.1325830888469508 1.0436230058578266 -0.08206142018049702 -0.08206142018049702 Stable-Loss
1.4870320240180042 1.397287966530087 -0.33957034139112074 -0.33957034139112074 Stable-Loss
1.161092600185592 1.0381688181468678 -0.20480236632779417 -0.20480236632779417 Stable-Loss
1.241668504032086 1.2114099040332365 -0.12749102026509698 -0.12749102026509698 Stable-Loss
1.3216774547512882 1.1002917196059974 -0.04853286375053726 -0.04853286375053726 Stable-Loss
0.8796293731402114 0.8181172004862702 0.0791496897243341 0.0791496897243341 Stable-Gain
1.1828167878818219 1.043437309964675 0.018466476743668116 0.018466476743668116 Stable-Gain
1.028988015938404 0.903036679949555 -0.07951508842537972 -0.07951508842537972 Stable-Loss
1.7596907204165024 1.4348589144372859 -0.027009996098249583 -0.027009996098249583 Stable-Loss
0.9622905736749552 0.9189376829198905 -0.1601509987418001 -0.1601509987418001 Stable-Loss
1.2456445570101056 1.0370465084232547 -0.23621873964901427 -0.23621873964901427 Stable-Loss
1.2139547775956459 1.1787009990891253 -0.24086742721637322 -0.24086742721637322 Stable-Loss
1.2184798737914206 1.1011739432796122 -0.07235902087045719 -0.07235902087045719 Stable-Loss
1.6820803063773804 1.385974662357351 -0.1953295163386235 -0.1953295163386235 Stable-Loss
1.1216931940589068 1.0172598865058453 0.024655932982450997 0.024655932982450997 Stable-Gain
1.097539822391256 0.9348784621961707 -0.08706867754947367 -0.08706867754947367 Stable-Loss
1.1492144708591379 1.155646672053157 -0.19044997788257137 -0.19044997788257137 Stable-Loss
0.700643961823912 0.6594706425373618 0.07773543489670595 0.07773543489670595 Stable-Gain
1.4428025779465095 1.2135072159908116 -0.010759624167392217 -0.010759624167392217 Stable-Loss
1.7250742559717611 1.4441123927879422 -0.09443867565344154 -0.09443867565344154 Stable-Loss
1.2261608442185463 1.090438184767565 -0.13912151297103806 -0.13912151297103806 Stable-Loss
0.9251131430446797 0.7661076185584587 -0.07592861695214217 -0.07592861695214217 Stable-Loss
2.1232316673988847 1.9421276781232018 -0.04356823778581063 -0.04356823778581063 Volatile-Loss
1.1255773533564721 0.9568519937164923 -0.20725372646656026 -0.20725372646656026 Stable-Loss
1.5079238874703222 1.2501803919791168 -0.27558198371141357 -0.27558198371141357 Stable-Loss
1.0325022383332838 0.9271533998891607 -0.22268442451322581 -0.22268442451322581 Stable-Loss
1.228121970549481 1.1275885028300239 -0.2711210916216173 -0.2711210916216173 Stable-Loss
1.2134047397772827 1.044333757870833 -0.11355215414373147 -0.11355215414373147 Stable-Loss
1.0915086166783396 0.9201892564499239 0.18550325031951947 0.18550325031951947 Stable-Gain
1.0708669055673068 1.0068541245973337 -0.09805380090582363 -0.09805380090582363 Stable-Loss
1.3199575304837305 1.2775137882855836 -0.13232032730409274 -0.13232032730409274 Stable-Loss
0.8550176821513239 0.8121959930895744 0.03727843091356252 0.03727843091356252 Stable-Gain
1.162971141618624 1.1465295872691466 -0.0807628670472965 -0.0807628670472965 Stable-Loss
1.6943802064127778 1.6253604730365374 -0.24644664861632154 -0.24644664861632154 Stable-Loss
1.2279706501074006 1.1939112124826476 -0.10925793065043143 -0.10925793065043143 Stable-Loss
1.1681925518074125 1.0962359372600088 -0.24736456538536722 -0.24736456538536722 Stable-Loss
1.8384629321393107 1.58001750731422 -0.17645120813196305 -0.17645120813196305 Stable-Loss
1.467192828364915 1.0679340103582873 -0.051220490565358226 -0.051220490565358226 Stable-Loss
0.9022940669764603 0.7084937652775408 -0.009582147036214088 -0.009582147036214088 Stable-Loss
1.1210154758223054 0.9923352084266778 -0.21392858890084232 -0.21392858890084232 Stable-Loss
1.261995904101196 1.0102574532655906 -0.1406521475781369 -0.1406521475781369 Stable-Loss
1.1792897372254831 1.059242253770114 -0.2720813503805271 -0.2720813503805271 Stable-Loss
1.5906686098047553 1.4405051471178145 -0.2888437147127375 -0.2888437147127375 Stable-Loss
0.8573721692459516 0.7744533614885546 0.152481176635929 0.152481176635929 Stable-Gain
1.613902207940399 1.4551995868712322 -0.28429332740198804 -0.28429332740198804 Stable-Loss
1.2398185761775646 1.129003273983142 -0.0862657337734837 -0.0862657337734837 Stable-Loss
1.19565557087605 1.0281367758506943 -0.20372526482314965 -0.20372526482314965 Stable-Loss
0.8255197270714174 0.798312178378899 0.011060233316254704 0.011060233316254704 Stable-Gain
0.8892222296589418 0.7160793637728685 0.03961994489693503 0.03961994489693503 Stable-Gain
1.2350661846287316 1.1536510963250683 -0.07826801050828178 -0.07826801050828178 Stable-Loss
1.8803734851652698 1.6300338324386643 -0.15142031541684906 -0.15142031541684906 Stable-Loss
1.4970587745615023 1.2659196503069665 -0.5540448191824391 -0.5540448191824391 Stable-Loss
0.9367685117498646 0.8258689840514051 0.2240704987297917 0.2240704987297917 Stable-Gain
1.2615311461603267 1.1752273365208354 -0.20792715178479937 -0.20792715178479937 Stable-Loss
0.8755413375332128 0.6746648587291515 -0.01589280869466418 -0.01589280869466418 Stable-Loss
1.1070238227228006 1.005218136188928 -0.035742187379332116 -0.035742187379332116 Stable-Loss
1.2027493035309147 1.0678277629797683 -0.12582484590696813 -0.12582484590696813 Stable-Loss
1.1787888022686175 1.0398613207406358 -0.06133227346579403 -0.06133227346579403 Stable-Loss
1.5782695084523624 1.4626276094019215 0.12178724898942175 0.12178724898942175 Stable-Gain
1.5658639831555101 1.4793830923137579 -0.20004076321630276 -0.20004076321630276 Stable-Loss
0.9034818059515205 0.8012487252846531 0.17504986728968244 0.17504986728968244 Stable-Gain
2.0422901595269805 1.8324435253884708 -0.2704720199685146 -0.2704720199685146 Stable-Loss
1.2179453377942437 1.2213189804473086 -0.1598016950122933 -0.1598016950122933 Stable-Loss
1.3356125260245777 1.0032085561234725 0.0008137835886958208 0.0008137835886958208 Stable-Gain
1.129476646231799 0.8828851847814502 0.023581260565942338 0.023581260565942338 Stable-Gain
0.9484696599495208 0.831034798654689 -0.1144841143181896 -0.1144841143181896 Stable-Loss
1.215704477866595 1.048275630108146 -9.08593846451668e-05 -9.08593846451668e-05 Stable-Loss
2.1166252684214957 1.7938260577263037 -0.43462544623563415 -0.43462544623563415 Stable-Loss
1.5187282034783902 1.3186370325549222 -0.19244510995057856 -0.19244510995057856 Stable-Loss
1.4708755823065665 1.3548767864761595 -0.25484747246560474 -0.25484747246560474 Stable-Loss
1.912313888013504 1.6641392723831698 -0.4018783354333533 -0.4018783354333533 Stable-Loss
1.2958766598366211 1.3252128116802349 -0.06282406651303435 -0.06282406651303435 Stable-Loss
0.9810892204873075 0.8382152358906656 -0.09128756864041304 -0.09128756864041304 Stable-Loss
0.779736119613861 0.6844632725761065 0.04739073789099279 0.04739073789099279 Stable-Gain
1.346961194395892 1.100218369344063 -0.08184960404934902 -0.08184960404934902 Stable-Loss
2.359358346186664 1.843031287349293 -0.29878880996872076 -0.29878880996872076 Volatile-Loss
5.256244770574779 4.95705577400806 -0.3374684665463254 -0.3374684665463254 Volatile-Loss
1.0034234654558012 0.7661696842883271 -0.015350232232318677 -0.015350232232318677 Stable-Loss
1.282112952168755 1.059427906221381 -0.07085286525685315 -0.07085286525685315 Stable-Loss
2.3352707740569554 1.9245223085112215 -0.3924695474963314 -0.3924695474963314 Volatile-Loss
1.5418156305795667 1.5522137425954552 -0.08279399553588988 -0.08279399553588988 Stable-Loss
1.2011545734145497 1.0778954034395514 -0.16648183339028783 -0.16648183339028783 Stable-Loss
1.4866686816164747 1.4579274538455835 -0.40056918659966956 -0.40056918659966956 Stable-Loss
1.351086794768463 1.1242022991193852 0.216648602728741 0.216648602728741 Stable-Gain
1.2069163940712981 1.074457508912147 -0.037558826417257156 -0.037558826417257156 Stable-Loss
1.8121249294355108 1.2412453135048318 -0.20593462386148542 -0.20593462386148542 Stable-Loss
1.1508472402447623 1.0881057144073705 -0.19247199820742814 -0.19247199820742814 Stable-Loss
1.2499635200793688 1.1264309937762542 -0.12387570544660834 -0.12387570544660834 Stable-Loss
2.2747434904010353 1.6953971874402376 -0.4513153178659521 -0.4513153178659521 Stable-Loss
1.8684928637663176 1.7118176639715346 -0.21956116766679445 -0.21956116766679445 Stable-Loss
1.230977853978597 1.0788105123217073 -0.18221851585973478 -0.18221851585973478 Stable-Loss
1.2394533186802419 1.119267217972021 -0.18204245529845745 -0.18204245529845745 Stable-Loss
0.9143522923462176 0.6641283449505072 0.1421967657918631 0.1421967657918631 Stable-Gain
1.1655207542665695 0.975415046223398 -0.16577644833922028 -0.16577644833922028 Stable-Loss
1.0929031435237757 0.925902390125911 0.061654122275577754 0.061654122275577754 Stable-Gain
1.023534484264581 0.8075215287301436 -0.007576948023744775 -0.007576948023744775 Stable-Loss
1.1906163178976277 0.9383871047639523 0.13786316771836654 0.13786316771836654 Stable-Gain
1.2212465657534781 1.0308525593591746 -0.22176257213901043 -0.22176257213901043 Stable-Loss
0.9021433323648603 0.848462987687662 -0.05813049985681824 -0.05813049985681824 Stable-Loss
0.9493660177618255 0.8329594658869847 -0.1930514037743732 -0.1930514037743732 Stable-Loss
1.2274923886490434 1.2147296799838256 -0.10826398013072287 -0.10826398013072287 Stable-Loss
2.064450106729067 1.8118942679777792 -0.40239739337244496 -0.40239739337244496 Stable-Loss
0.8894065467204874 0.8615477576550903 0.03755127607541893 0.03755127607541893 Stable-Gain
0.9145906270760337 0.8342464913695262 0.012606800757972644 0.012606800757972644 Stable-Gain
0.9870032537384663 0.7607063069498123 0.12672006828005034 0.12672006828005034 Stable-Gain
1.290756623868835 1.2441835024700303 -0.1846316519034962 -0.1846316519034962 Stable-Loss
0.8338732004052845 0.7520378688171404 0.1534585300591058 0.1534585300591058 Stable-Gain
1.1407079301087963 1.0162072795089385 0.05222900708178106 0.05222900708178106 Stable-Gain
1.2632104370409847 1.143181068281652 -0.0493633050624284 -0.0493633050624284 Stable-Loss
1.4758060467128922 1.2251177027167748 -0.1551636144250074 -0.1551636144250074 Stable-Loss
1.2972848601887454 1.1254139690021143 -0.23825441856576493 -0.23825441856576493 Stable-Loss
1.4139386529149967 1.2465759098084122 0.02058956576066671 0.02058956576066671 Stable-Gain
1.118860495521904 0.8217862811238961 -0.01715596986568003 -0.01715596986568003 Stable-Loss
1.0939952370841848 1.1800245122544453 -0.01666034612550147 -0.01666034612550147 Stable-Loss
1.0172972377070513 0.9017743668690837 -0.13814727181047506 -0.13814727181047506 Stable-Loss
1.0725838337151568 1.0027985932351098 -0.08882300103586094 -0.08882300103586094 Stable-Loss
0.8591793244321112 0.7434235393135966 0.10391881339728772 0.10391881339728772 Stable-Gain
1.1104015807379728 0.975297124040409 -0.039096339350195776 -0.039096339350195776 Stable-Loss
1.0381590582475748 0.8597532058104793 0.050317664852283596 0.050317664852283596 Stable-Gain
1.6678985647705837 1.5967189678870397 -0.2888420054451579 -0.2888420054451579 Stable-Loss
1.235296281853643 1.1209713661144654 -0.10975857526019603 -0.10975857526019603 Stable-Loss
0.9419227345684712 0.8049176478247502 -0.0789443862894382 -0.0789443862894382 Stable-Loss
1.3316489893157062 1.1659069710162073 -0.24925404389784514 -0.24925404389784514 Stable-Loss
1.473302936455918 1.3919228907325287 -0.3840712183234531 -0.3840712183234531 Stable-Loss
1.2304288013628448 0.9944931849783034 -0.06332341209675406 -0.06332341209675406 Stable-Loss
1.585412645160611 1.4244868073211066 -0.26264565888781116 -0.26264565888781116 Stable-Loss
1.7509954240330157 1.3890481608876353 -0.03956281211876189 -0.03956281211876189 Stable-Loss
1.245632771558039 1.1046373448717173 -0.07628760676963914 -0.07628760676963914 Stable-Loss
1.779517116856762 1.3632359340009 -0.26692055126722863 -0.26692055126722863 Stable-Loss
1.41051870184518 1.3417578812349258 -0.0672184099247979 -0.0672184099247979 Stable-Loss
1.0016953102232309 0.896705769637103 -0.03437518970321038 -0.03437518970321038 Stable-Loss
0.9532753401421972 0.8175640003187215 -0.016204605030406417 -0.016204605030406417 Stable-Loss
1.4229794574341914 1.1772342102905355 -0.0244224712052736 -0.0244224712052736 Stable-Loss
1.2337122533596254 1.0799680054202265 -0.21897384621912386 -0.21897384621912386 Stable-Loss
1.3686436078831057 1.18207583609535 -0.2177604187085454 -0.2177604187085454 Stable-Loss
1.2448346711822127 1.0684200373475485 0.20256985133829736 0.20256985133829736 Stable-Gain
1.2600988207300692 1.140365945538103 -0.2062531288171917 -0.2062531288171917 Stable-Loss
1.622809935301319 1.5496011926358042 -0.18384606511290963 -0.18384606511290963 Stable-Loss
1.09931783174116 0.9716600038830224 0.00718801924200698 0.00718801924200698 Stable-Gain
1.3070888078951646 1.0904574407005585 -0.08194567109454497 -0.08194567109454497 Stable-Loss
1.1273855478715773 1.0077645832640545 -0.03579306259281912 -0.03579306259281912 Stable-Loss
1.1830793776303306 1.1173526495925048 -0.02586639033197538 -0.02586639033197538 Stable-Loss
2.234684400301265 2.0123484620453755 -0.1564328807642002 -0.1564328807642002 Volatile-Loss
0.6847302076443679 0.5976396132636336 0.04230888534854035 0.04230888534854035 Stable-Gain
1.099231186988329 0.9199558629071835 -0.16121840715844318 -0.16121840715844318 Stable-Loss
0.9166964690457491 0.7408070490419456 0.04205215942053431 0.04205215942053431 Stable-Gain
0.9581861884215574 0.91718261864862 0.26530493168396196 0.26530493168396196 Stable-Gain
1.3387077589367784 1.2581204709805989 -0.18379444576041426 -0.18379444576041426 Stable-Loss
1.200997469795384 1.1366376120311397 -0.21391046354446364 -0.21391046354446364 Stable-Loss
1.0477200428128635 0.9912939457094101 -0.09021509151249596 -0.09021509151249596 Stable-Loss
1.6273153743570177 1.5545048784835955 -0.36786808961354484 -0.36786808961354484 Stable-Loss
1.274544627427244 1.1592851806779552 -0.07201452899579058 -0.07201452899579058 Stable-Loss
1.1882896533000082 1.1931637332151515 -0.43541988236496765 -0.43541988236496765 Stable-Loss
0.9367529054103353 0.8961405806523368 -0.1523108099815402 -0.1523108099815402 Stable-Loss
1.135515308715032 1.001358064129963 -0.11142050495608913 -0.11142050495608913 Stable-Loss
1.193758940574197 0.9529261061564022 -0.05721445046618516 -0.05721445046618516 Stable-Loss
0.9110187449122117 0.7752659841831887 -0.026028004225362496 -0.026028004225362496 Stable-Loss
0.984001271668411 0.7831451554112461 0.032626622353152904 0.032626622353152904 Stable-Gain
1.087025243892855 0.9637288994226205 -0.18915934929994618 -0.18915934929994618 Stable-Loss
1.1856033621664404 1.1002254380772538 -0.4515843812269947 -0.4515843812269947 Stable-Loss
0.8474718114929995 0.843622752708697 -0.020104233445230817 -0.020104233445230817 Stable-Loss
1.1000748136532532 0.986698404889502 -0.24201740149189577 -0.24201740149189577 Stable-Loss
1.261958541860075 1.214313684735618 -0.3063459926127177 -0.3063459926127177 Stable-Loss
1.6391010355538878 1.474210970854296 -0.35122402183098195 -0.35122402183098195 Stable-Loss
1.165574483895394 1.0137933966107076 -0.1379592774071494 -0.1379592774071494 Stable-Loss
1.5266477216348564 1.3612135658038471 -0.1460138132068841 -0.1460138132068841 Stable-Loss
1.440304875611704 1.2500447735092335 -0.3141977629535762 -0.3141977629535762 Stable-Loss
1.4011496863572055 1.218299704945939 -0.25625927507414087 -0.25625927507414087 Stable-Loss
1.049781573517313 0.8175964583149824 -0.032646604895036124 -0.032646604895036124 Stable-Loss
1.6008810243408949 1.5897942529386482 0.028334307156641758 0.028334307156641758 Stable-Gain
0.9461879770759315 0.7880472745635325 -0.09038417380690549 -0.09038417380690549 Stable-Loss
1.050184903052678 0.9248256496125716 -0.07208602195280608 -0.07208602195280608 Stable-Loss
1.318784570581935 1.2621180469120075 -0.0987317999639291 -0.0987317999639291 Stable-Loss
1.3152354842633691 1.221966833058828 -0.04606014118101158 -0.04606014118101158 Stable-Loss
1.0939383981111561 0.9387929348055333 -0.2310106761226696 -0.2310106761226696 Stable-Loss
1.199512162911624 0.9475971819343593 -0.12025272068567944 -0.12025272068567944 Stable-Loss
1.4734796179126857 1.365087962955308 -0.38865940471594634 -0.38865940471594634 Stable-Loss
1.0013814526871965 0.8603265591830154 -0.031111212032357415 -0.031111212032357415 Stable-Loss
1.0019959869799777 0.8838265524348349 -0.05677800655921728 -0.05677800655921728 Stable-Loss
1.0697735719110903 1.0324224221127787 0.05549767811397039 0.05549767811397039 Stable-Gain
1.3238207779322477 1.2717349687594806 -0.266956829707764 -0.266956829707764 Stable-Loss
1.817953862427866 1.6307694920543636 0.03637378336767274 0.03637378336767274 Stable-Gain
1.157108237560946 0.9668772103029207 -0.2532938535327504 -0.2532938535327504 Stable-Loss
0.9406977975536344 0.8613669903068512 -0.033514116016336026 -0.033514116016336026 Stable-Loss
1.3076785963566624 1.1313034352238631 0.12771271271119553 0.12771271271119553 Stable-Gain
1.1083866927107495 0.9674406865103193 -0.11420850624222587 -0.11420850624222587 Stable-Loss
1.1574450017820617 1.0249172565251727 -0.07489556719946021 -0.07489556719946021 Stable-Loss
2.005164701965249 1.6405936112091692 -0.14142726457385862 -0.14142726457385862 Stable-Loss
1.3537669152865381 1.10777502189278 -0.1888081274115022 -0.1888081274115022 Stable-Loss
1.1450307292817041 1.0493363175566917 -0.27488774963617907 -0.27488774963617907 Stable-Loss
2.1077320730373095 1.862491965017363 -0.037269775492397975 -0.037269775492397975 Stable-Loss
2.2592614249834746 1.9665679711402941 -0.031214153141498606 -0.031214153141498606 Volatile-Loss
1.3341696502436926 1.0498292170992949 0.1346618310920432 0.1346618310920432 Stable-Gain
0.9279825845358907 0.7544918575850892 0.08026440610863098 0.08026440610863098 Stable-Gain
1.1044347772769905 1.1571097366445515 0.057104136004544115 0.057104136004544115 Stable-Gain
1.5326450021334894 1.3802073619390143 0.11013833005627886 0.11013833005627886 Stable-Gain
1.0328270913785493 0.8917135855462247 0.02953162548905376 0.02953162548905376 Stable-Gain
1.5007202030244564 1.3915903026041603 -0.13019827292191402 -0.13019827292191402 Stable-Loss
1.0867870947983895 0.9427390220553373 -0.009116302489838213 -0.009116302489838213 Stable-Loss
1.093317783311533 0.9312120026259036 -0.10429080802429071 -0.10429080802429071 Stable-Loss
2.022195074715729 1.836129928280203 -0.3309517060850943 -0.3309517060850943 Stable-Loss
0.8294902588354626 0.7724244052320981 -0.03508019692188145 -0.03508019692188145 Stable-Loss
1.0635532713614575 1.0186453867025562 -0.09784483312222272 -0.09784483312222272 Stable-Loss
1.2529724109046303 0.9093749792189484 -0.022478953050744425 -0.022478953050744425 Stable-Loss
1.1691692950378256 1.1342137655529094 0.022546898232832055 0.022546898232832055 Stable-Gain
1.2476574572180261 1.063582852803784 -0.15143710123848061 -0.15143710123848061 Stable-Loss
1.5294593054602033 1.4477385723460283 0.013968347880057819 0.013968347880057819 Stable-Gain
1.46444185411341 1.3697151861573846 -0.3668262318719277 -0.3668262318719277 Stable-Loss
1.4661162700217039 1.2798027784647352 -0.19096988534988854 -0.19096988534988854 Stable-Loss
0.956219240080833 0.7480880748786278 -0.0977313190019599 -0.0977313190019599 Stable-Loss
0.9430345263442665 0.8043134884549574 0.023544379993437118 0.023544379993437118 Stable-Gain
1.399043022827386 1.2510139458129812 0.017413248595561627 0.017413248595561627 Stable-Gain
1.401765671699744 1.1700210924683656 -0.03486183014347104 -0.03486183014347104 Stable-Loss
1.0227471586639334 0.8571337193753414 0.053501732155764224 0.053501732155764224 Stable-Gain
0.904799917973801 0.8595468833694936 0.11131286526127898 0.11131286526127898 Stable-Gain
0.9870286911108054 0.8398588068304494 -0.01904830111591544 -0.01904830111591544 Stable-Loss
1.1285173915252822 0.9324216575638995 0.18568127464265533 0.18568127464265533 Stable-Gain
1.7567837260548362 1.509360398579766 -0.5677590576948495 -0.5677590576948495 Stable-Loss
0.8646006490880964 0.7710039860692267 0.08850931762770171 0.08850931762770171 Stable-Gain
1.0585964952262792 0.8577923623933597 0.10902619221885015 0.10902619221885015 Stable-Gain
0.9679369396514729 0.8671469320374553 -0.15486531080592955 -0.15486531080592955 Stable-Loss
1.4841807335534603 1.347484807756604 -0.2196144187709549 -0.2196144187709549 Stable-Loss
0.8860314286421512 0.7625408720874688 -0.00593536903531829 -0.00593536903531829 Stable-Loss
0.714927720195584 0.6557734066572308 0.04382479190078323 0.04382479190078323 Stable-Gain
1.1053349958011498 1.0690931894621927 -0.20999203544421635 -0.20999203544421635 Stable-Loss
0.9272111249548014 0.8972964715737624 0.07188019102569623 0.07188019102569623 Stable-Gain
1.2995246066801498 1.094911621486613 -0.3099473255252096 -0.3099473255252096 Stable-Loss
0.8732399405331388 0.7656170108314221 -0.10307771653048028 -0.10307771653048028 Stable-Loss
1.2122251663146426 0.9578020805208093 -0.37706104023167447 -0.37706104023167447 Stable-Loss
2.1663833523647043 2.039794702955492 -0.44212454404604035 -0.44212454404604035 Volatile-Loss
1.7818244242899197 1.613143515825665 -0.23593233295569116 -0.23593233295569116 Stable-Loss
0.8785675121387657 0.7732916806031127 0.10268003175827013 0.10268003175827013 Stable-Gain
1.7158299585590744 1.4189094526483292 0.2331937179572312 0.2331937179572312 Stable-Gain
0.9973387515841657 0.9164563792166099 -0.0746512074077959 -0.0746512074077959 Stable-Loss
1.3301173957864159 1.264452392439349 -0.19835216180124304 -0.19835216180124304 Stable-Loss
1.2849879816134688 1.1966416812454748 -0.04967169022006645 -0.04967169022006645 Stable-Loss
1.2178443123534675 1.1914041939888749 -0.06741984933402015 -0.06741984933402015 Stable-Loss
0.8121722787272773 0.8365413060649505 0.1219621823878672 0.1219621823878672 Stable-Gain
1.0650622367994982 1.0153957339095774 -0.07330045460277813 -0.07330045460277813 Stable-Loss
1.1460459707476622 1.0313971930259278 -0.18473036305949417 -0.18473036305949417 Stable-Loss
1.0962321940108288 0.9153701694596835 0.019133090661809387 0.019133090661809387 Stable-Gain
3.327120391918724 3.2547689791045014 -0.15055410055555649 -0.15055410055555649 Volatile-Loss
8.480019670750526 9.251615778430388 -0.08259929182273502 -0.08259929182273502 Volatile-Loss
2.2674240600282736 2.4659399186998123 0.07336117834120899 0.07336117834120899 Volatile-Gain
2.508024336724877 3.0869163527824943 -0.1295470319531837 -0.1295470319531837 Volatile-Loss
2.181084946221394 1.694985313803756 0.11194722315864326 0.11194722315864326 Stable-Gain
3.0456476051710237 2.959068832324868 -0.15590549497883804 -0.15590549497883804 Volatile-Loss
3.4480857060735817 3.187342351676915 -0.3850665975423417 -0.3850665975423417 Volatile-Loss
4.374800368117953 4.7688595724786325 -0.6742592225583471 -0.6742592225583471 Volatile-Loss
4.323876352011434 7.273560880015246 -0.2425674003748465 -0.2425674003748465 Volatile-Loss
3.0338627425698017 3.121405556565665 -0.33655048431612866 -0.33655048431612866 Volatile-Loss
2.6104253129664214 2.2259163004485325 -0.8968263476645071 -0.8968263476645071 Volatile-Loss
2.3745758696230843 1.8572968769194467 -0.36892138923383994 -0.36892138923383994 Volatile-Loss
2.4359926670664804 2.370274453385933 -0.06710837861208926 -0.06710837861208926 Volatile-Loss
3.010097899222094 2.649740159253523 -0.509268806709783 -0.509268806709783 Volatile-Loss
2.9576076744393944 3.02869260776316 -0.8099746353374763 -0.8099746353374763 Volatile-Loss
4.931565251991125 4.615124380321444 -0.38931616156102383 -0.38931616156102383 Volatile-Loss
4.382822591477212 4.0454470615691696 -0.33305413567124753 -0.33305413567124753 Volatile-Loss
4.22488354977537 7.514825907647399 0.22938031207372797 0.22938031207372797 Volatile-Gain
4.351971735495292 4.9607652467035885 -0.1551218961971274 -0.1551218961971274 Volatile-Loss
4.220796624655562 3.848279403963131 -0.5642069295172123 -0.5642069295172123 Volatile-Loss
2.9537347350369334 2.3442611310142083 -0.39161936842041395 -0.39161936842041395 Volatile-Loss
6.110112621071289 6.422631663825981 -1.2024085326953982 -1.2024085326953982 Volatile-Loss
2.4941220488584355 2.2417812723364463 -0.12498534779887849 -0.12498534779887849 Volatile-Loss
3.4768162391579573 3.2656297895357373 -0.2109661429670116 -0.2109661429670116 Volatile-Loss
4.182095240034116 4.067830083893749 -0.2936240245548462 -0.2936240245548462 Volatile-Loss
4.025356312751381 3.9134464601577585 -0.031731618611499667 -0.031731618611499667 Volatile-Loss
1.2415424824110999 1.0337736361132857 -0.26470659036382393 -0.26470659036382393 Stable-Loss
3.3908892633269683 3.1314566728204665 -0.6676197298068909 -0.6676197298068909 Volatile-Loss
3.084897839947993 2.835270333988017 -0.7656373526729553 -0.7656373526729553 Volatile-Loss
2.431317422614029 2.3331808821562974 -0.04990577043791888 -0.04990577043791888 Volatile-Loss
3.5310407721639083 3.6084112992116517 -1.1060560100701786 -1.1060560100701786 Volatile-Loss
3.774643220052461 3.46006826758302 -0.6995979086195158 -0.6995979086195158 Volatile-Loss
4.2920541895986855 4.323697761604505 -0.30827927843131364 -0.30827927843131364 Volatile-Loss
5.486294513446525 5.425715056610592 -0.6069864517774116 -0.6069864517774116 Volatile-Loss
2.6922299765014346 3.1984264833825633 -0.9058551448082052 -0.9058551448082052 Volatile-Loss
3.9323925488406966 3.6603301290929777 -1.0785826195204156 -1.0785826195204156 Volatile-Loss
4.534292492452195 4.435385293118166 -0.961525291672985 -0.961525291672985 Volatile-Loss
2.553254588515571 2.4619061195053153 -0.7011302924775451 -0.7011302924775451 Volatile-Loss
6.710684569191312 8.535145182045344 0.04417668715514873 0.04417668715514873 Volatile-Gain
3.408925376099693 4.2539958333098085 -0.13602419744307065 -0.13602419744307065 Volatile-Loss
4.326386223527328 2.888958881839253 -0.8614263731211065 -0.8614263731211065 Volatile-Loss
1.648126287997678 1.5515701154665553 -0.4315951442228453 -0.4315951442228453 Stable-Loss
4.624904806904216 6.617609221299019 -0.8952608701902975 -0.8952608701902975 Volatile-Loss
5.053812748297196 4.570177462245178 -2.595441741444727 -2.595441741444727 Volatile-Loss
3.864071116363086 3.548711917391418 -0.984338661925095 -0.984338661925095 Volatile-Loss
3.3894699008226983 2.969197311317943 -0.26697027124458833 -0.26697027124458833 Volatile-Loss
2.432838888787894 2.0550769031056113 -0.35968413788987247 -0.35968413788987247 Volatile-Loss
2.321201763192129 2.281925865708216 -1.044875610969855 -1.044875610969855 Volatile-Loss
2.5239727040460846 1.887069154651223 -0.4429703301471639 -0.4429703301471639 Volatile-Loss
3.6437974373304254 3.0101257517079425 -0.6918536187723738 -0.6918536187723738 Volatile-Loss
2.186967596415998 2.4890469876110823 -0.3359379504244913 -0.3359379504244913 Volatile-Loss
3.439060618396762 3.0884787479623523 -1.198222558510558 -1.198222558510558 Volatile-Loss
3.7213344409437874 3.121574709997953 -0.4803190029508618 -0.4803190029508618 Volatile-Loss
3.231214423464166 3.0356109175660317 -0.5060595621959123 -0.5060595621959123 Volatile-Loss
6.39924395618937 4.508332707746659 -1.1654414815100365 -1.1654414815100365 Volatile-Loss
2.7958607694422892 3.0607828467728946 -0.06061901135895497 -0.06061901135895497 Volatile-Loss
4.2406291595306405 4.032369347083496 -0.6938241939731861 -0.6938241939731861 Volatile-Loss
3.0321276891649425 2.6554780609658213 -0.20643085458249918 -0.20643085458249918 Volatile-Loss
0.8489053273831683 1.0004128290131296 0.0265078493505939 0.0265078493505939 Stable-Gain
2.9981658601993892 2.5766518183060363 -0.6403974789746306 -0.6403974789746306 Volatile-Loss
3.670383622125273 2.9713327515174885 0.1922852736938496 0.1922852736938496 Volatile-Gain
3.631988764868732 5.180217916787948 -0.6015287327294958 -0.6015287327294958 Volatile-Loss
2.6522176379768676 2.786098575466308 -0.3965653516483966 -0.3965653516483966 Volatile-Loss
2.1012489636477976 1.752204551576393 -0.9937434433261527 -0.9937434433261527 Stable-Loss
1.632120296666155 1.2919941704868276 -0.22252138522439896 -0.22252138522439896 Stable-Loss
3.437859265828606 3.143042126022988 -0.4187984747824823 -0.4187984747824823 Volatile-Loss
3.291729823843788 3.5797647551961354 -0.2686865222461466 -0.2686865222461466 Volatile-Loss
3.1681504184903426 2.9271454424895196 -0.1837099280614167 -0.1837099280614167 Volatile-Loss
5.609321210140422 4.723904754458265 0.08086808567003281 0.08086808567003281 Volatile-Gain
1.9544693566725244 1.8416019587973782 -0.1615566432242273 -0.1615566432242273 Stable-Loss
2.124371123246848 1.6995642390008325 0.1650687570522212 0.1650687570522212 Stable-Gain
3.8870477015782177 3.729983671498993 -0.19822499873053465 -0.19822499873053465 Volatile-Loss
2.1337210937105584 2.023119915440006 -0.7940185893414531 -0.7940185893414531 Volatile-Loss
8.761072926252925 10.78387684229669 -1.5086400458028135 -1.5086400458028135 Volatile-Loss
3.4108802556083484 3.6636090610802765 -1.4128195176978597 -1.4128195176978597 Volatile-Loss
3.25635581796325 4.351506496762311 -0.5892549192118982 -0.5892549192118982 Volatile-Loss
9.762434503684462 13.26252714659056 -7.564981726291566 -7.564981726291566 Volatile-Loss
7.141355652676379 6.2348838384203065 -1.3499507922655716 -1.3499507922655716 Volatile-Loss
1.8899200909112253 2.5174216843503796 -0.14230632935825815 -0.14230632935825815 Volatile-Loss
5.108642045878389 5.0341760139613525 -0.39210967072292985 -0.39210967072292985 Volatile-Loss
3.6769323626641612 3.7160142577072057 -1.449804584609768 -1.449804584609768 Volatile-Loss
5.282160084774387 4.868887636559864 -0.16233933765615344 -0.16233933765615344 Volatile-Loss
2.3176791391052163 2.1537780660364074 -0.20202001711024314 -0.20202001711024314 Volatile-Loss
4.292202771839485 3.4643960536261122 -0.3440496781232222 -0.3440496781232222 Volatile-Loss
4.1938635856441415 5.486748424301361 -0.5947259346945715 -0.5947259346945715 Volatile-Loss
6.21789560359866 7.0832171054715705 -0.4656221697371796 -0.4656221697371796 Volatile-Loss
3.604266801742368 3.37845443103155 -0.1817161452661475 -0.1817161452661475 Volatile-Loss
2.1784991514352168 2.3604152960647875 -0.3262283007469979 -0.3262283007469979 Volatile-Loss
6.388566442097503 7.007465409920793 -0.7913415874916667 -0.7913415874916667 Volatile-Loss
5.94589762447614 7.766203417757539 -1.0175249446507837 -1.0175249446507837 Volatile-Loss
4.127834497770247 3.6004556064467828 -0.26232319987110575 -0.26232319987110575 Volatile-Loss
4.372783862795103 4.361195272432618 -1.614555543795045 -1.614555543795045 Volatile-Loss
