1.26713394239 1.03864884898 21.86684811912899 0.0801206241143778 Stable-Loss
2.0477425796 1.76332508279 11.16921612227923 0.04317715706039913 Stable-Loss
1.23483668058 1.12951149806 50.90155519490842 0.1968428678505602 Stable-Gain
1.48635513066 1.12192998407 54.83190094518173 0.232739093070324 Stable-Gain
1.43720897019 1.27305494943 30.126401135396126 0.10685445940890462 Stable-Loss
1.236585188 1.18800151452 25.75136794955496 0.1022049438782191 Stable-Loss
1.11813194275 0.998079387844 22.847354650350713 0.08254635322490227 Stable-Loss
0.858254770018 0.776759805131 14.160241503028995 0.05573974776160269 Stable-Loss
0.999671770525 0.83449381062 43.67019682835886 0.16789663382782333 Stable-Loss
1.37323654147 1.17260333126 57.136303743244476 0.24266803199010428 Stable-Gain
1.92165660315 1.53431527926 43.09966411833865 0.1642535500613057 Stable-Loss
0.828693270351 0.760850708347 21.665409325621823 0.0783723906047664 Stable-Loss
0.832881215118 0.770064413903 24.900945915704614 0.08825539233180643 Stable-Loss
1.19944095171 0.945178480713 4.735751232308548 0.01743904073839837 Stable-Loss
0.903937305031 0.731447089254 14.61841369388229 0.05282846605848087 Stable-Loss
0.987004209655 0.981041440927 30.656727836539122 0.11747994502117205 Stable-Loss
0.772923085475 0.729386890267 23.830461061942657 0.08799811094938159 Stable-Loss
1.42790269601 1.18235422769 21.51300924316262 0.08141954068094949 Stable-Loss
1.44337624272 1.38022108171 27.141985198433893 0.11236477643811363 Stable-Loss
2.02644137867 1.68123930443 78.98027084823846 0.33093868412663624 Stable-Gain
1.608360512 1.41258357267 20.431426517594275 0.07764781283575775 Stable-Loss
1.75206636114 1.59819484682 11.665851827258875 0.04335337563608964 Stable-Loss
3.52177439364 3.15258517917 5.9808623280513755 0.026999974049968466 Volatile-Loss
1.13289638527 0.958473284497 22.785957143389343 0.0867527223528268 Stable-Loss
1.34264143631 1.13433157494 35.60863253514071 0.14254443028926622 Stable-Loss
1.06550217519 0.925154580889 63.36225583402392 0.23286107411251172 Stable-Gain
1.45721004945 1.16714416652 37.53990543506296 0.15298729256270385 Stable-Loss
0.941580964067 0.751159788907 52.132442597755194 0.18387383362312557 Stable-Gain
0.87743769955 0.797123659356 47.971603743641275 0.18193680867897996 Stable-Loss
1.25438537143 1.04265879709 15.522414774876792 0.058151168879614946 Stable-Loss
1.85596538805 1.62695725235 10.49483545625066 0.04545941042310523 Stable-Loss
1.67546006018 1.56310675327 16.882727650174044 0.06881059611912904 Stable-Loss
0.928427620572 0.834585933635 52.70419469245415 0.19023784607626182 Stable-Gain
1.00737877074 0.887469749887 27.229605887813857 0.10408075196345361 Stable-Loss
1.60191313514 1.3983269491 22.864437449667545 0.09063610695043336 Stable-Loss
0.872721462308 0.667466374746 58.4960693730129 0.21470929396832186 Stable-Gain
1.731570842 1.54656056083 82.73394949597848 0.2799624488436324 Stable-Gain
1.04325440923 1.01001341165 30.440300617642162 0.11535662966290874 Stable-Loss
0.896531844951 0.707753356499 30.04570938189714 0.10766233630988713 Stable-Loss
1.04740340352 0.913593209399 32.19042696988889 0.12432039080600195 Stable-Loss
1.63420156756 1.65002390492 38.97094847458653 0.15461324565380577 Stable-Loss
1.11466639584 0.974174443789 269.9931760413503 0.9460330444751147 Stable-Gain
1.03253040638 0.947058410152 15.006457359916531 0.05777923041245444 Stable-Loss
1.56270565922 1.36963132247 18.906080110936177 0.08074460518084652 Stable-Loss
0.948035005395 0.777431607808 75.2699389254701 0.28657654796493764 Stable-Gain
1.30181140915 1.17314340932 9.987589136740997 0.03708697793252038 Stable-Loss
1.74651536955 1.6328788237 11.249124567650762 0.04700145426899373 Stable-Loss
1.48430248091 1.46903686949 7.97041150927765 0.03206874484226873 Stable-Loss
1.49060554865 1.32750129151 101.64660455341941 0.38632352883206417 Stable-Gain
1.10353433189 1.01541886246 14.468005056471231 0.05427027451964147 Stable-Loss
1.16067727867 1.03751918672 17.35286565336035 0.06539847573673621 Stable-Loss
1.35252899978 1.20724240488 11.37043405334792 0.042895102570139024 Stable-Loss
1.63188890193 1.47168199403 12.24360546791083 0.04711474843750922 Stable-Loss
0.925254325827 0.746619176071 38.81813502746339 0.14574876355825778 Stable-Loss
1.20211282665 1.08470672974 18.524344336144107 0.07670022795450537 Stable-Loss
1.3160592348 1.21648411617 8.64379053278392 0.039101089637857925 Stable-Loss
1.1520748258 1.03806789237 32.80552662891257 0.12299193443809682 Stable-Loss
1.21862646943 0.954921465631 13.96821229852286 0.05093574305854086 Stable-Loss
1.30383174479 1.08475410845 15.713698676297676 0.06317650573296626 Stable-Loss
0.885734002343 0.742520822505 36.31705717943025 0.1311672857372873 Stable-Loss
1.17630373287 1.07662782964 17.233421574535054 0.06905800298535222 Stable-Loss
1.29855929165 1.04117648272 14.417288824027183 0.05244756790554176 Stable-Loss
1.41077272835 1.19739331121 22.706461752736804 0.09145479167853257 Stable-Loss
1.11669850661 0.937087260782 21.075956869858565 0.07402941433041843 Stable-Loss
1.02290797963 0.975356304219 28.002073047976307 0.10782654706476073 Stable-Loss
1.52207973296 1.22972392425 97.82060731010003 0.37210593493902244 Stable-Gain
1.22932994848 1.09423236557 62.36139801098688 0.2420598587487261 Stable-Gain
0.931791483199 0.920552282019 24.983806975394565 0.09205046442466298 Stable-Loss
0.977297974143 0.864682034861 20.436592809079574 0.07543410103835851 Stable-Loss
1.04741150733 0.88696492272 49.96550550822359 0.18266207034087475 Stable-Gain
1.45277991981 1.3362704153 143.1186742096513 0.5479905139373298 Stable-Gain
1.21047467063 1.16707408409 44.22035354643154 0.1680502375095989 Stable-Loss
0.830475514691 0.745508341011 16.55803732085498 0.059581140189554585 Stable-Loss
1.31086769728 1.14836771019 19.721283573532503 0.08024702034406095 Stable-Loss
0.817710628662 0.728432059328 9.36991781096834 0.033209742295907806 Stable-Loss
1.10096928758 1.03710905835 26.40903883953014 0.10540137528089319 Stable-Loss
1.57647593083 1.40743531422 7.784173941148801 0.028560931399881872 Stable-Loss
2.13423815363 1.99349023092 2.73232135185267 0.011781305138861503 Volatile-Loss
1.28657913034 1.1714973033 12.177947246605711 0.045749473433232594 Stable-Loss
1.77540122641 1.30369900273 45.07253877370157 0.16776413015150632 Stable-Loss
1.24414825337 0.960254385742 14.339611936414196 0.05443457840965412 Stable-Loss
1.11399666351 0.982935008415 20.976341009772877 0.08291473238399687 Stable-Loss
1.10512967671 0.907498597297 57.014291784107854 0.22057637459974005 Stable-Gain
1.70679538814 1.45661027115 5.454167689771421 0.02316214964605376 Stable-Loss
1.09501936425 1.02335818749 37.36079440288707 0.13844712837613832 Stable-Loss
1.73079370559 1.49377585288 37.270958053768425 0.15804170922157018 Stable-Loss
0.87774384786 0.78432260578 24.230071492161155 0.08622345578934455 Stable-Loss
1.30941997561 1.12722256164 16.884933893536655 0.0654800154678442 Stable-Loss
1.53102141359 1.35170320541 48.57235575311845 0.17440003780108373 Stable-Loss
1.13794611237 0.980948458549 20.4394143053143 0.083480229160463 Stable-Loss
1.09941136175 0.929309656041 34.725255223469304 0.12810934920346204 Stable-Loss
0.953096326792 0.850846999481 35.84782262324331 0.1340592657220294 Stable-Loss
1.66508101658 1.45959529893 8.71234044914674 0.035584345689659715 Stable-Loss
1.57413597007 1.41144259157 8.105937046890574 0.032623448930657765 Stable-Loss
1.96729422589 1.69298697184 9.247713742051245 0.038342834872411795 Stable-Loss
0.986014072481 0.836548472028 36.03890920056369 0.13417978441255127 Stable-Loss
1.2342774211 1.07640149644 29.039603879666377 0.10170626845118176 Stable-Loss
1.0003355286 0.935903519612 23.807591980709965 0.09737648557408748 Stable-Loss
0.84276946244 0.742026698536 28.499795203033116 0.10018159392192258 Stable-Loss
1.58653303049 1.43797318888 18.540646916462073 0.07713062889988724 Stable-Loss
1.76092555955 1.51326507659 9.173148752669464 0.03916171614964316 Stable-Loss
1.27542719356 1.24919160948 12.482124557946495 0.04753048365032081 Stable-Loss
1.3442707138 1.15027039364 19.880417190044483 0.0863810905645421 Stable-Loss
1.56755580794 1.32620139446 30.857167362974735 0.11681121298483914 Stable-Loss
1.23737098105 1.10801199343 10.011686084914695 0.03625511201258842 Stable-Loss
1.31166498912 0.97423640393 19.67665407587064 0.07461033583566473 Stable-Loss
1.24260171774 1.43587003275 43.865808934439514 0.16264187534862884 Stable-Loss
1.21313926179 1.04403889222 25.924669605760446 0.0996327704844217 Stable-Loss
1.15495946544 0.984660005196 20.340893958377066 0.08160279086498551 Stable-Loss
1.54179210892 1.34918111893 32.4081625483337 0.12977646226995307 Stable-Loss
1.02994213145 0.878760688348 124.15951757089488 0.47418923198000706 Stable-Gain
0.886422729421 0.7606596805 22.091558804361906 0.07980620230773226 Stable-Loss
1.33089515526 1.1882868438 15.688417290775353 0.06051789169002636 Stable-Loss
1.07007484793 0.993076205843 23.338870858823416 0.09078280166465678 Stable-Loss
0.859333564516 0.720204672459 28.38940648861728 0.10064618055213777 Stable-Loss
1.61593357965 1.35096724807 50.103745261836906 0.18034149703151345 Stable-Gain
0.793583708482 0.709578834957 14.913595774635438 0.052925128542263 Stable-Loss
1.17756091681 1.02249133881 22.800579365070735 0.0846964169133206 Stable-Loss
1.23175764647 1.15938330015 38.88995218880627 0.14533230286949764 Stable-Loss
1.72235633633 1.42459527828 49.67506613196693 0.17998660592172322 Stable-Loss
1.3616961006 1.10201279663 13.869847284331183 0.0552724285853853 Stable-Loss
1.99402019125 2.01389442763 3.978483297990913 0.014686539510378177 Volatile-Loss
1.2941627388 1.17966810117 58.98745192472652 0.2581042314835065 Stable-Gain
0.903080388373 0.794122035982 12.364156102239884 0.04469529679240729 Stable-Loss
1.27545754724 1.00955858509 54.732118084661984 0.20816477178044193 Stable-Gain
0.929948502362 0.69047684329 34.09127045635494 0.12470510122697795 Stable-Loss
1.26740187562 1.08405303073 14.903544194190657 0.060978289772260684 Stable-Loss
1.57130662025 1.47360195474 11.877238140610547 0.05418479327225016 Stable-Loss
1.56196865548 1.54925568677 12.995376135010641 0.05651041856453345 Stable-Loss
1.27096934358 1.14549406734 22.351905890572983 0.08446323994410829 Stable-Loss
0.603771584946 0.515928349894 15.947829602419125 0.055268655248025586 Stable-Loss
0.582508649218 0.517207476545 16.059187189980296 0.055705004734214705 Stable-Loss
0.946909487715 0.740409850981 40.634610000091456 0.14986585506902997 Stable-Loss
1.9557559619 1.94778128067 2.828026931431854 0.011440695845211341 Stable-Loss
1.24445428905 1.04338876052 22.021558923148174 0.08420337711139209 Stable-Loss
1.22053398268 1.13618874873 13.330207558675738 0.05089846629371729 Stable-Loss
1.32988917618 1.12279596498 9.860327206844278 0.03835569656800063 Stable-Loss
1.40638162721 1.48826727743 11.756505876645573 0.04170415432306669 Stable-Loss
1.3044044175 0.973524214159 353.4771602443111 1.3083084194496697 Stable-Gain
1.31448865247 1.00144098626 357.18499243888226 1.3210017838722943 Stable-Gain
0.99575726531 0.894451969753 20.87586695274662 0.0774056061841166 Stable-Loss
1.20650218955 1.12610523799 59.53909127473449 0.24580366494538802 Stable-Gain
1.59299564137 1.40768796805 7.048979162246588 0.02645658514362431 Stable-Loss
1.28209397645 1.28126475456 95.35704847059543 0.3687192944813588 Stable-Gain
1.42060691735 1.41034924094 10.250932185328548 0.041355681195721083 Stable-Loss
1.1770261635 1.04619252846 27.97481401297606 0.1121366460594831 Stable-Loss
1.03520181347 0.907868343192 4.154475241227395 0.016942987460417863 Stable-Loss
0.976253435541 0.929296698867 58.280337901101795 0.21906683441239472 Stable-Gain
1.8135887646 1.69938959688 15.941941982270997 0.06957704081381845 Stable-Loss
0.903241539178 0.936880178221 15.042982287157514 0.05485579592204511 Stable-Loss
1.35867050208 1.14754473514 65.29704345267791 0.26446876238585454 Stable-Gain
1.1701652842 1.0165300041 24.072902318999994 0.08774291016046001 Stable-Loss
1.2810921828 1.35124170453 11.895652421778282 0.04763900029408007 Stable-Loss
1.20989645866 1.06256564458 13.40495790399901 0.04855565005868082 Stable-Loss
1.27303181706 1.00686517153 7.043035722521439 0.02794640127366501 Stable-Loss
1.20271099803 0.985835915318 8.302296822846118 0.03153028493277179 Stable-Loss
0.97115098473 0.843860302724 13.885677630134547 0.050106467006164356 Stable-Loss
1.25106318732 1.12490326469 45.47345311321425 0.18115510896168524 Stable-Loss
1.16142884259 1.23901767087 20.24651784483963 0.07750401300857335 Stable-Loss
1.09430499295 0.897832518028 5.912880922234237 0.022837147281247173 Stable-Loss
0.997682823301 0.891563636304 34.645348327225534 0.12466173155896723 Stable-Loss
1.46493534255 1.08399516532 65.09541196509853 0.2539294498912673 Stable-Gain
0.976712805898 0.827917234224 43.63154941829939 0.16262899474001435 Stable-Loss
1.79042647266 1.56515191428 99.45092946437805 0.3866257803763172 Stable-Gain
1.63630998084 1.48176110099 21.56894295894872 0.07880557660113337 Stable-Loss
0.995947519935 0.820352054951 16.26593053841806 0.06151052720014507 Stable-Loss
1.50196264122 1.1591313223 15.88357619319998 0.05611160846249859 Stable-Loss
1.4195605528 1.09574431039 66.10653729504818 0.24950319058563836 Stable-Gain
1.24755311681 1.20611082905 37.081542009581966 0.1445117212182201 Stable-Loss
1.08219736333 0.916522676008 30.44610764843331 0.11724333137590318 Stable-Loss
1.20528386167 0.915510994342 11.104202604297923 0.03988070254521507 Stable-Loss
1.63650893494 1.35121128852 158.99506120324995 0.6139107647183153 Stable-Gain
1.19608121345 1.02725131276 43.44473510282014 0.17198273277587914 Stable-Loss
1.13258308885 1.04362300586 43.02613260298762 0.1591061535814216 Stable-Loss
1.48703202402 1.39728796653 6.230699993767884 0.024909986634883988 Stable-Loss
0.87962937314 0.818117200486 42.568552875763 0.16397747790902678 Stable-Loss
1.18281678788 1.04343730996 9.048425969342851 0.03349579257944672 Stable-Loss
1.02898801594 0.90303667995 33.118732929945196 0.12839839264708358 Stable-Loss
1.75969072042 1.43485891444 16.031332297402734 0.067347673317283 Stable-Loss
0.962290573675 0.91893768292 20.091544776118482 0.07793032345148487 Stable-Loss
1.24564455701 1.03704650842 5.248850834496056 0.02166797383118013 Stable-Loss
1.2139547776 1.17870099909 16.06319073745214 0.06291242613671769 Stable-Loss
1.09753982239 0.934878462196 5.359024403326192 0.02030265732485636 Stable-Loss
1.14921447086 1.15564667205 21.516117682863428 0.08123925759027707 Stable-Loss
0.700643961824 0.659470642537 15.64996653385381 0.0562594994722049 Stable-Loss
1.44280257795 1.21350721599 9.32667496480714 0.03490091940822006 Stable-Loss
1.72507425597 1.44411239279 22.00611504716477 0.08537935429343206 Stable-Loss
1.22616084422 1.09043818477 32.53484943021465 0.12428136685754702 Stable-Loss
0.925113143045 0.766107618558 15.282956463669924 0.056740411026130866 Stable-Loss
1.03250223833 0.927153399889 45.97389972154266 0.1882257341545448 Stable-Loss
1.22812197055 1.12758850283 8.668622507425512 0.033890688049942864 Stable-Loss
1.21340473978 1.04433375787 59.184076371611404 0.23234925541869714 Stable-Gain
1.09150861668 0.92018925645 35.73089276599802 0.13052629380898867 Stable-Loss
1.07086690557 1.0068541246 90.83141491404409 0.3637760030326816 Stable-Gain
1.31995753048 1.27751378829 17.950383532689305 0.07331802686359376 Stable-Loss
0.855017682151 0.81219599309 14.291534393768558 0.051898079400646425 Stable-Loss
1.16819255181 1.09623593726 29.259083354550647 0.11321150027553284 Stable-Loss
1.83846293214 1.58001750731 10.508685401159294 0.04033544197205057 Stable-Loss
1.46719282836 1.06793401036 63.4617666521607 0.23936899029193767 Stable-Gain
0.902294066976 0.708493765278 32.330261011306014 0.11846894178057396 Stable-Loss
1.12101547582 0.992335208427 15.341526590252338 0.06070663381049424 Stable-Loss
1.2619959041 1.01025745327 37.054083474578185 0.13964004598782148 Stable-Loss
1.17928973723 1.05924225377 10.323602112618474 0.03898485939213875 Stable-Loss
1.23981857618 1.12900327398 38.83053747888552 0.149010853373918 Stable-Loss
1.19565557088 1.02813677585 48.865916797050964 0.18562481354773933 Stable-Loss
0.825519727071 0.798312178379 13.643536368616685 0.05066057998701399 Stable-Loss
0.889222229659 0.716079363773 29.8418874655258 0.11109765614254238 Stable-Loss
1.23506618463 1.15365109633 13.747293318305232 0.05182147042181763 Stable-Loss
1.88037348517 1.63003383244 8.421236219141985 0.03183502327895766 Stable-Loss
1.49705877456 1.26591965031 46.2066138578062 0.1731750212479048 Stable-Loss
1.10702382272 1.00521813619 63.888522728960915 0.23810510481636818 Stable-Gain
1.20274930353 1.06782776298 17.143956806724255 0.06616176128433723 Stable-Loss
1.17878880227 1.03986132074 17.032614189670305 0.0687285996378583 Stable-Loss
1.57826950845 1.4626276094 9.742312113579604 0.03854040606128819 Stable-Loss
1.56586398316 1.47938309231 20.50369859729445 0.08415547017673344 Stable-Loss
0.903481805952 0.801248725285 24.088170005049232 0.0864930358393938 Stable-Loss
2.04229015953 1.83244352539 5.231807251216147 0.021875697168330405 Stable-Loss
0.94846965995 0.831034798655 49.26841113007052 0.19305102514248895 Stable-Loss
1.21570447787 1.04827563011 188.63397051186575 0.6947271270647111 Stable-Gain
2.11662526842 1.79382605773 12.233899978836456 0.0479862188724908 Stable-Loss
1.51872820348 1.31863703255 9.84213241606666 0.04000021426791042 Stable-Loss
1.47087558231 1.35487678648 3.286216495815155 0.014097816304942615 Stable-Loss
1.91231388801 1.66413927238 7.529732704731917 0.031466892912493806 Stable-Loss
1.29587665984 1.32521281168 14.61196347200139 0.05883192092764359 Stable-Loss
2.35935834619 1.84303128735 97.29792312366247 0.37230198282568305 Volatile-Gain
5.25624477057 4.95705577401 3.4519208208505345 0.010488802613379502 Volatile-Loss
1.00342346546 0.766169684288 8.623204728045083 0.030871948512904986 Stable-Loss
1.28211295217 1.05942790622 24.599817788885385 0.09086221761819342 Stable-Loss
2.33527077406 1.92452230851 12.242818680875121 0.053544715253715146 Volatile-Loss
1.54181563058 1.5522137426 8.425216606993317 0.030917069790522212 Stable-Loss
1.20115457341 1.07789540344 86.03400134142095 0.3328510264603433 Stable-Gain
1.81212492944 1.2412453135 21.197419009697086 0.0880094409584815 Stable-Loss
1.15084724024 1.08810571441 29.022656372601464 0.1144677420619504 Stable-Loss
1.24996352008 1.12643099378 18.334456823645482 0.07130640683824929 Stable-Loss
2.2747434904 1.69539718744 53.02937486015916 0.24395294177937998 Stable-Gain
1.86849286377 1.71181766397 7.029387262708416 0.02474382281184369 Stable-Loss
1.23097785398 1.07881051232 4.1558021910446685 0.01571296018064678 Stable-Loss
1.23945331868 1.11926721797 4.0874625258432005 0.01536206017282773 Stable-Loss
1.02353448426 0.80752152873 15.240011287575994 0.05716685382925799 Stable-Loss
1.1906163179 0.938387104764 110.15082999049733 0.40393899398191435 Stable-Gain
1.22124656575 1.03085255936 21.99871589275448 0.08558177379085644 Stable-Loss
0.902143332365 0.848462987688 21.977004477751834 0.08176968657649601 Stable-Loss
0.949366017762 0.832959465887 5.083418909832904 0.019431891304789988 Stable-Loss
1.22749238865 1.21472967998 19.25600742382554 0.07322999092441161 Stable-Loss
2.06445010673 1.81189426798 9.328019356607733 0.04378452592531334 Stable-Loss
1.29075662387 1.24418350247 15.296156700906558 0.06002689769857154 Stable-Loss
0.833873200405 0.752037868817 29.674256883833223 0.10462204996306727 Stable-Loss
1.14070793011 1.01620727951 20.003835834154994 0.0784640339199977 Stable-Loss
1.26321043704 1.14318106828 50.30928537597394 0.19606686766754772 Stable-Gain
1.47580604671 1.22511770272 8.926236409718845 0.030621866789712786 Stable-Loss
1.29728486019 1.125413969 30.124488381906232 0.11621724085671374 Stable-Loss
1.41393865291 1.24657590981 25.66285049576441 0.10161410034643267 Stable-Loss
1.07258383372 1.00279859324 12.89558224323878 0.048853435027992845 Stable-Loss
0.859179324432 0.743423539314 28.609739110816008 0.10080239084444542 Stable-Loss
1.11040158074 0.97529712404 33.59244407515703 0.12508490696771551 Stable-Loss
1.03815905825 0.85975320581 9.537439697947324 0.03572435428985323 Stable-Loss
1.66789856477 1.59671896789 16.720451663114172 0.0772629778421746 Stable-Loss
1.23529628185 1.12097136611 28.068762977527978 0.11069520184280265 Stable-Loss
0.941922734568 0.804917647825 69.32130435399738 0.24491614488367497 Stable-Gain
1.58541264516 1.42448680732 47.53661347219329 0.18686324914437358 Stable-Loss
1.75099542403 1.38904816089 28.162312892212427 0.10132529750289077 Stable-Loss
1.24563277156 1.10463734487 19.00704758125271 0.07402588154789076 Stable-Loss
1.77951711686 1.363235934 21.685779325748573 0.08288645974997791 Stable-Loss
1.41051870185 1.34175788123 33.22294270579092 0.13310759489510984 Stable-Loss
1.00169531022 0.896705769637 73.06089441087961 0.26030158261234704 Stable-Gain
0.953275340142 0.817564000319 19.71267211442018 0.0746981284480022 Stable-Loss
1.24483467118 1.06842003735 56.00318916670312 0.1867379069635127 Stable-Gain
1.26009882073 1.14036594554 25.715604977633355 0.09801133568303014 Stable-Loss
1.6228099353 1.54960119264 35.83102936778166 0.14404532547284501 Stable-Loss
1.09931783174 0.971660003883 36.690759749136106 0.12868059639781415 Stable-Loss
1.3070888079 1.0904574407 51.37831923418321 0.2018943680907172 Stable-Gain
1.12738554787 1.00776458326 89.27152025246828 0.3403162021488525 Stable-Gain
1.18307937763 1.11735264959 27.306391657597057 0.10784398692894934 Stable-Loss
0.916696469046 0.740807049042 54.701119569407375 0.19291586277691855 Stable-Gain
0.958186188422 0.917182618649 20.28416478087646 0.07234645527661807 Stable-Loss
1.33870775894 1.25812047098 14.275328389668385 0.05507332104439296 Stable-Loss
1.2009974698 1.13663761203 12.07875202751157 0.04333282735195661 Stable-Loss
1.04772004281 0.991293945709 131.09656437846772 0.4945184179840064 Stable-Gain
1.62731537436 1.55450487848 71.04868135637948 0.3081258565280601 Stable-Gain
1.27454462743 1.15928518068 32.82166113137067 0.12515669191652565 Stable-Loss
1.19375894057 0.952926106156 28.29724371885266 0.1079965875827648 Stable-Loss
0.911018744912 0.775265984183 15.027967336664142 0.05393907080207712 Stable-Loss
0.984001271668 0.783145155411 56.443872351069814 0.2123366252547579 Stable-Gain
1.08702524389 0.963728899423 58.544866562326945 0.21962981405705753 Stable-Gain
1.18560336217 1.10022543808 14.401756413250583 0.0595702535263257 Stable-Loss
0.847471811493 0.843622752709 37.191500551432036 0.13575171617925105 Stable-Loss
1.10007481365 0.98669840489 17.889549122765377 0.07393276177317389 Stable-Loss
1.52664772163 1.3612135658 40.71335057347519 0.15407580643605262 Stable-Loss
1.44030487561 1.25004477351 24.664305188827342 0.09486018602844568 Stable-Loss
1.40114968636 1.21829970495 8.527970248759756 0.03317419717346739 Stable-Loss
1.04978157352 0.817596458315 53.0039821111465 0.19897167201522975 Stable-Gain
1.60088102434 1.58979425294 6.5524706138512565 0.02461021203599647 Stable-Loss
0.946187977076 0.788047274564 21.239289261713395 0.08103340866120921 Stable-Loss
1.05018490305 0.924825649613 9.835009922550524 0.03694535140444534 Stable-Loss
1.19951216291 0.947597181934 22.444199902532656 0.09270060716417236 Stable-Loss
1.47347961791 1.36508796296 29.977520403338104 0.12711822709860715 Stable-Loss
1.00138145269 0.860326559183 14.888792902586406 0.06007810196215352 Stable-Loss
1.00199598698 0.883826552435 25.43203621697987 0.09930081541513322 Stable-Loss
1.06977357191 1.03242242211 73.34785779228615 0.27887057521155706 Stable-Gain
1.32382077793 1.27173496876 12.178304633299616 0.05007792611766102 Stable-Loss
1.81795386243 1.63076949205 18.539360325354888 0.06622689922904854 Stable-Loss
1.10838669271 0.96744068651 18.584961260048377 0.07033924625406386 Stable-Loss
1.15744500178 1.02491725653 27.318165230896398 0.10678045355812807 Stable-Loss
2.00516470197 1.64059361121 36.119708644242344 0.14100554128746504 Stable-Loss
1.35376691529 1.10777502189 32.47810163685621 0.11874600410047934 Stable-Loss
1.14503072928 1.04933631756 16.80810592405355 0.06956591730921807 Stable-Loss
2.10773207304 1.86249196502 5.786251074554538 0.02272692059663776 Stable-Loss
2.25926142498 1.96656797114 6.283371087193087 0.02462994748156363 Volatile-Loss
1.53264500213 1.38020736194 81.18435703052789 0.32406564714163233 Stable-Gain
1.03282709138 0.891713585546 82.67699662466022 0.31266585929602386 Stable-Gain
1.50072020302 1.3915903026 10.316425871808693 0.04192930141630454 Stable-Loss
1.0867870948 0.942739022055 46.06725255964998 0.1769466293923893 Stable-Loss
1.09331778331 0.931212002626 32.94428626355172 0.13114526633547324 Stable-Loss
2.02219507472 1.83612992828 37.90672293701902 0.15368746556987234 Stable-Loss
0.829490258835 0.772424405232 15.620658014597094 0.061432559979113 Stable-Loss
1.24765745722 1.0635828528 24.56177111172273 0.09880274111678773 Stable-Loss
1.52945930546 1.44773857235 9.057942647460974 0.0363883877655803 Stable-Loss
1.46444185411 1.36971518616 26.893098492359197 0.11071877288369159 Stable-Loss
1.46611627002 1.27980277846 34.60772615769979 0.1243887036553826 Stable-Loss
0.956219240081 0.748088074879 21.72126986336915 0.08275941363981637 Stable-Loss
0.943034526344 0.804313488455 36.41854493917463 0.13896577075018005 Stable-Loss
1.39904302283 1.25101394581 49.026593150036604 0.18120843599825628 Stable-Loss
0.987028691111 0.83985880683 62.11769153526935 0.2267125561901592 Stable-Gain
1.12851739153 0.932421657564 22.8275296623601 0.0897092127370735 Stable-Loss
1.75678372605 1.50936039858 15.288194594492902 0.05985029778830745 Stable-Loss
0.864600649088 0.771003986069 23.05314248939024 0.08259967505377222 Stable-Loss
1.05859649523 0.857792362393 22.880571936586506 0.08048826542301503 Stable-Loss
0.967936939651 0.867146932037 16.044701080256395 0.062202449533940926 Stable-Loss
1.48418073355 1.34748480776 39.153387506657424 0.139763980338289 Stable-Loss
0.927211124955 0.897296471574 30.04601166207651 0.11311547622259202 Stable-Loss
1.29952460668 1.09491162149 14.065439016332126 0.055669562868262544 Stable-Loss
0.873239940533 0.765617010831 5.938079403969638 0.02182054328799099 Stable-Loss
1.21222516631 0.957802080521 8.350756158223307 0.03352869603778529 Stable-Loss
2.16638335236 2.03979470296 37.52631907531657 0.13905524983928255 Volatile-Loss
1.78182442429 1.61314351583 23.455167257310773 0.09867446677083884 Stable-Loss
0.878567512139 0.773291680603 16.481913989038777 0.0589392537577064 Stable-Loss
1.28498798161 1.19664168125 7.02129229682831 0.030673139057320414 Stable-Loss
1.21784431235 1.19140419399 21.91143619288799 0.08425362190477084 Stable-Loss
0.812172278727 0.836541306065 29.33882232824978 0.10503951698141482 Stable-Loss
1.0650622368 1.01539573391 35.05952462488162 0.13919759428667394 Stable-Loss
1.14604597075 1.03139719303 14.370170584667715 0.05683535083756434 Stable-Loss
1.09623219401 0.91537016946 28.147322250156247 0.10651745739434311 Stable-Loss
3.32712039192 3.2547689791 6.679150473427041 0.02948589808364189 Volatile-Loss
2.18108494622 1.6949853138 3.404814873434521 0.014376489004198866 Stable-Loss
3.04564760517 2.95906883232 1.9207296240131468 0.006604606242862909 Volatile-Loss
3.44808570607 3.18734235168 1.405089875467978 0.007288500756543753 Volatile-Loss
4.37480036812 4.76885957248 0.30714491114735704 0.0011660174810939664 Volatile-Loss
4.32387635201 7.27356088002 0.1765140555961017 0.0008802182398319521 Volatile-Loss
3.03386274257 3.12140555657 0.156519020977106 0.0007127895101874173 Volatile-Loss
2.61042531297 2.22591630045 1.6096612985598495 0.009713847169206657 Volatile-Loss
2.95760767444 3.02869260776 0.33671244402761347 0.0014727611638602506 Volatile-Loss
4.93156525199 4.61512438032 0.6978922876816349 0.003333756599151018 Volatile-Loss
4.38282259148 4.04544706157 0.7050465437376802 0.004813431134949555 Volatile-Loss
4.22488354978 7.51482590765 0.07987936962568803 0.00035014564662280787 Volatile-Loss
4.3519717355 4.9607652467 1.2928144354808246 0.0055990812385878705 Volatile-Loss
4.22079662466 3.84827940396 1.338952416080673 0.004939470427197889 Volatile-Loss
2.95373473504 2.34426113101 5.115828405765158 0.022015568950624446 Volatile-Loss
4.18209524003 4.06783008389 1.8303417538170472 0.007841719840709886 Volatile-Loss
4.02535631275 3.91344646016 1.309061280399297 0.00352368841226601 Volatile-Loss
1.24154248241 1.03377363611 2.516139378367328 0.018160113254863084 Stable-Loss
3.39088926333 3.13145667282 1.073398423724158 0.004741068052095694 Volatile-Loss
3.08489783995 2.83527033399 0.32267333614782795 0.001742227759468011 Volatile-Loss
2.43131742261 2.33318088216 3.532238408512076 0.013256658017136783 Volatile-Loss
3.53104077216 3.60841129921 0.9780120514050459 0.004026078386520666 Volatile-Loss
2.6922299765 3.19842648338 1.0782966133167098 0.005481272451575708 Volatile-Loss
3.93239254884 3.66033012909 2.026489120276969 0.013285855312984509 Volatile-Loss
4.53429249245 4.43538529312 0.4535436529066364 0.0016044295875703902 Volatile-Loss
2.55325458852 2.46190611951 0.7021969814277255 0.00308259310318744 Volatile-Loss
6.71068456919 8.53514518205 1.1723928295962875 0.005917823563812766 Volatile-Loss
3.4089253761 4.25399583331 0.509742665689228 0.0020881755162596694 Volatile-Loss
4.32638622353 2.88895888184 0.17023800414892043 0.0007881070543633397 Volatile-Loss
3.86407111636 3.54871191739 0.14270386644795002 0.0005935944927652861 Volatile-Loss
3.38946990082 2.96919731132 0.552799898968742 0.0028238466994349007 Volatile-Loss
2.43283888879 2.05507690311 0.36220587109003693 0.0019096653317817887 Volatile-Loss
2.32120176319 2.28192586571 1.7681859420887562 0.010276144269670107 Volatile-Loss
2.52397270405 1.88706915465 0.5300465814582198 0.0023137915247637636 Volatile-Loss
3.64379743733 3.01012575171 1.271160679666425 0.005608286978426857 Volatile-Loss
2.18696759642 2.48904698761 0.4048819242787328 0.0016588861265454352 Volatile-Loss
6.39924395619 4.50833270775 0.4376250264198994 0.0024012895806624275 Volatile-Loss
2.79586076944 3.06078284677 0.5741820422613026 0.002344651005961389 Volatile-Loss
4.24062915953 4.03236934708 0.3569851551840258 0.002045510712195463 Volatile-Loss
3.03212768916 2.65547806097 6.892089431832138 0.029884976168602095 Volatile-Loss
0.848905327383 1.00041282901 3.801821050065399 0.012441073272329642 Stable-Loss
2.9981658602 2.57665181831 0.3056094263581345 0.0017516859465060652 Volatile-Loss
3.67038362213 2.97133275152 0.8128751328157109 0.003461614288905493 Volatile-Loss
1.63212029667 1.29199417049 1.6415643729375318 0.010761651083666144 Stable-Loss
3.43785926583 3.14304212602 0.5718247662219197 0.0019276177726475323 Volatile-Loss
3.29172982384 3.5797647552 4.497818134944347 0.019836251033161213 Volatile-Loss
3.16815041849 2.92714544249 3.443642842899814 0.013906287622713643 Volatile-Loss
5.60932121014 4.72390475446 0.45172237427255096 0.0029752805910061787 Volatile-Loss
1.95446935667 1.8416019588 8.222176537892876 0.03181122762037325 Stable-Loss
2.12437112325 1.699564239 10.820069520090723 0.042148397273333936 Stable-Loss
3.41088025561 3.66360906108 6.863648528648608 0.052964073823560574 Volatile-Loss
3.25635581796 4.35150649676 3.1001952773257444 0.010314482489871138 Volatile-Loss
9.76243450368 13.2625271466 0.5225480401720816 0.002911606354809652 Volatile-Loss
7.14135565268 6.23488383842 2.6367702996137927 0.01787079748813482 Volatile-Loss
1.88992009091 2.51742168435 2.0526395950980723 0.007613661882127967 Volatile-Loss
5.10864204588 5.03417601396 0.36208416279184996 0.0015626064307505817 Volatile-Loss
3.67693236266 3.71601425771 2.4785865676557925 0.01730829386986176 Volatile-Loss
4.19386358564 5.4867484243 0.33755677983376675 0.001524974830209964 Volatile-Loss
6.2178956036 7.08321710547 0.8596786468659249 0.003303131161236148 Volatile-Loss
3.60426680174 3.37845443103 0.4675849845569877 0.0025098088952070392 Volatile-Loss
2.17849915144 2.36041529606 1.9561992529384202 0.01204519352018103 Volatile-Loss
6.3885664421 7.00746540992 0.07510899141509213 0.0003265451855851228 Volatile-Loss
5.94589762448 7.76620341776 1.1532866554466286 0.004523336822943902 Volatile-Loss
4.12783449777 3.60045560645 0.9806674330669406 0.002953131083255208 Volatile-Loss
777 0 0 0 0
