1.26713394239 1.03864884898 0.053336545954833066 0.053336545954833066 Stable-Gain
2.0477425796 1.76332508279 -0.11370766625575421 -0.11370766625575421 Stable-Loss
1.23483668058 1.12951149806 0.14867242243771844 0.14867242243771844 Stable-Gain
1.48635513066 1.12192998407 -0.11898111792819281 -0.11898111792819281 Stable-Loss
1.43720897019 1.27305494943 -0.08523670063888862 -0.08523670063888862 Stable-Loss
1.236585188 1.18800151452 -0.026546134716228974 -0.026546134716228974 Stable-Loss
1.11813194275 0.998079387844 0.1130350308104061 0.1130350308104061 Stable-Gain
0.858254770018 0.776759805131 -0.08071052770403694 -0.08071052770403694 Stable-Loss
0.999671770525 0.83449381062 0.009115918477853242 0.009115918477853242 Stable-Gain
1.37323654147 1.17260333126 -0.27102427294389025 -0.27102427294389025 Stable-Loss
1.92165660315 1.53431527926 -0.023233171675197735 -0.023233171675197735 Stable-Loss
0.828693270351 0.760850708347 0.0973197359174599 0.0973197359174599 Stable-Gain
0.832881215118 0.770064413903 0.09056778158348336 0.09056778158348336 Stable-Gain
1.19944095171 0.945178480713 0.14817412884666678 0.14817412884666678 Stable-Gain
0.903937305031 0.731447089254 0.06868228156850834 0.06868228156850834 Stable-Gain
0.987004209655 0.981041440927 -0.1375110937510096 -0.1375110937510096 Stable-Loss
0.772923085475 0.729386890267 0.07535278340600356 0.07535278340600356 Stable-Gain
1.42790269601 1.18235422769 -0.1540664726897557 -0.1540664726897557 Stable-Loss
1.44337624272 1.38022108171 -0.055397886432303804 -0.055397886432303804 Stable-Loss
2.02644137867 1.68123930443 -0.5150424478367631 -0.5150424478367631 Stable-Loss
1.608360512 1.41258357267 0.029000037507213958 0.029000037507213958 Stable-Gain
1.75206636114 1.59819484682 -0.35255585644220766 -0.35255585644220766 Stable-Loss
3.52177439364 3.15258517917 0.05153941779206595 0.05153941779206595 Volatile-Gain
1.13289638527 0.958473284497 -0.06535083049487293 -0.06535083049487293 Stable-Loss
1.34264143631 1.13433157494 -0.3857017041451169 -0.3857017041451169 Stable-Loss
1.06550217519 0.925154580889 0.0005754235520358304 0.0005754235520358304 Stable-Gain
1.45721004945 1.16714416652 -0.20326354287599183 -0.20326354287599183 Stable-Loss
0.941580964067 0.751159788907 0.11358931433038258 0.11358931433038258 Stable-Gain
0.87743769955 0.797123659356 0.08965509895806964 0.08965509895806964 Stable-Gain
1.25438537143 1.04265879709 -0.3164290172199367 -0.3164290172199367 Stable-Loss
1.85596538805 1.62695725235 -0.3340005924514657 -0.3340005924514657 Stable-Loss
1.67546006018 1.56310675327 -0.32556096007869945 -0.32556096007869945 Stable-Loss
0.928427620572 0.834585933635 -0.011549554547953146 -0.011549554547953146 Stable-Loss
1.00737877074 0.887469749887 -0.08782209873901156 -0.08782209873901156 Stable-Loss
1.60191313514 1.3983269491 -0.3365824068160682 -0.3365824068160682 Stable-Loss
0.872721462308 0.667466374746 0.04024287024242327 0.04024287024242327 Stable-Gain
1.731570842 1.54656056083 0.09339671948213095 0.09339671948213095 Stable-Gain
1.04325440923 1.01001341165 -0.17209029488600242 -0.17209029488600242 Stable-Loss
0.896531844951 0.707753356499 0.06358503563653399 0.06358503563653399 Stable-Gain
1.04740340352 0.913593209399 0.024574301924673712 0.024574301924673712 Stable-Gain
1.63420156756 1.65002390492 -0.1437447624065642 -0.1437447624065642 Stable-Loss
1.11466639584 0.974174443789 0.16778035817019238 0.16778035817019238 Stable-Gain
1.03253040638 0.947058410152 -0.09368574168661102 -0.09368574168661102 Stable-Loss
1.56270565922 1.36963132247 -0.24555553472311084 -0.24555553472311084 Stable-Loss
0.948035005395 0.777431607808 -0.06603034364994795 -0.06603034364994795 Stable-Loss
1.30181140915 1.17314340932 -0.04687037187549372 -0.04687037187549372 Stable-Loss
1.74651536955 1.6328788237 -0.14464768640546344 -0.14464768640546344 Stable-Loss
1.48430248091 1.46903686949 -0.3933247939695593 -0.3933247939695593 Stable-Loss
1.49060554865 1.32750129151 -0.10239937041852121 -0.10239937041852121 Stable-Loss
1.10353433189 1.01541886246 0.21762269937788495 0.21762269937788495 Stable-Gain
1.16067727867 1.03751918672 -0.12143206876764141 -0.12143206876764141 Stable-Loss
1.35252899978 1.20724240488 0.06293161278515495 0.06293161278515495 Stable-Gain
1.63188890193 1.47168199403 -0.21405872955855376 -0.21405872955855376 Stable-Loss
0.925254325827 0.746619176071 -0.04898998293699082 -0.04898998293699082 Stable-Loss
1.20211282665 1.08470672974 -0.17172132480340405 -0.17172132480340405 Stable-Loss
1.3160592348 1.21648411617 -0.2040279477135551 -0.2040279477135551 Stable-Loss
1.1520748258 1.03806789237 0.04034943191477042 0.04034943191477042 Stable-Gain
1.21862646943 0.954921465631 -0.1794775793899689 -0.1794775793899689 Stable-Loss
1.30383174479 1.08475410845 -0.0925806898963376 -0.0925806898963376 Stable-Loss
0.885734002343 0.742520822505 0.0005765312788518066 0.0005765312788518066 Stable-Gain
1.17630373287 1.07662782964 -0.057936214836142745 -0.057936214836142745 Stable-Loss
1.29855929165 1.04117648272 -0.03789220756594672 -0.03789220756594672 Stable-Loss
1.41077272835 1.19739331121 -0.24751290623113623 -0.24751290623113623 Stable-Loss
1.11669850661 0.937087260782 0.1910419639756482 0.1910419639756482 Stable-Gain
1.02290797963 0.975356304219 -0.04617052500701221 -0.04617052500701221 Stable-Loss
1.52207973296 1.22972392425 0.04217790536218347 0.04217790536218347 Stable-Gain
1.22932994848 1.09423236557 0.1604268672230989 0.1604268672230989 Stable-Gain
0.931791483199 0.920552282019 0.09169581495448409 0.09169581495448409 Stable-Gain
0.977297974143 0.864682034861 -0.06902983883055032 -0.06902983883055032 Stable-Loss
1.04741150733 0.88696492272 0.16114398788791295 0.16114398788791295 Stable-Gain
1.45277991981 1.3362704153 -0.0370254682591409 -0.0370254682591409 Stable-Loss
1.21047467063 1.16707408409 0.01177489132156089 0.01177489132156089 Stable-Gain
0.830475514691 0.745508341011 0.06485725672642828 0.06485725672642828 Stable-Gain
1.31086769728 1.14836771019 -0.041238854558669685 -0.041238854558669685 Stable-Loss
0.817710628662 0.728432059328 0.009977452161109596 0.009977452161109596 Stable-Gain
1.10096928758 1.03710905835 -0.16585144833070103 -0.16585144833070103 Stable-Loss
1.57647593083 1.40743531422 0.03756664357610435 0.03756664357610435 Stable-Gain
2.13423815363 1.99349023092 -0.5319069897040803 -0.5319069897040803 Volatile-Loss
1.28657913034 1.1714973033 -0.09922969882565165 -0.09922969882565165 Stable-Loss
1.77540122641 1.30369900273 -0.07810011213984941 -0.07810011213984941 Stable-Loss
1.24414825337 0.960254385742 0.04680526329432545 0.04680526329432545 Stable-Gain
1.11399666351 0.982935008415 -0.03140215020733448 -0.03140215020733448 Stable-Loss
1.10512967671 0.907498597297 -0.16790585700888855 -0.16790585700888855 Stable-Loss
1.70679538814 1.45661027115 -0.13097355983391087 -0.13097355983391087 Stable-Loss
1.09501936425 1.02335818749 -0.0805613412302401 -0.0805613412302401 Stable-Loss
1.73079370559 1.49377585288 -0.14898240833374515 -0.14898240833374515 Stable-Loss
0.87774384786 0.78432260578 0.05456071944077901 0.05456071944077901 Stable-Gain
1.30941997561 1.12722256164 0.02713715404797792 0.02713715404797792 Stable-Gain
1.53102141359 1.35170320541 0.04515754198898451 0.04515754198898451 Stable-Gain
1.13794611237 0.980948458549 -0.12103045667508985 -0.12103045667508985 Stable-Loss
1.09941136175 0.929309656041 0.075824016971045 0.075824016971045 Stable-Gain
0.953096326792 0.850846999481 0.022130590750997835 0.022130590750997835 Stable-Gain
1.66508101658 1.45959529893 0.079894789881241 0.079894789881241 Stable-Gain
1.57413597007 1.41144259157 0.06892230304763065 0.06892230304763065 Stable-Gain
1.96729422589 1.69298697184 -0.11501839727456004 -0.11501839727456004 Stable-Loss
0.986014072481 0.836548472028 -0.08078187644751897 -0.08078187644751897 Stable-Loss
1.2342774211 1.07640149644 -0.035760001447984954 -0.035760001447984954 Stable-Loss
1.0003355286 0.935903519612 -0.0017161409505057838 -0.0017161409505057838 Stable-Loss
0.84276946244 0.742026698536 0.08834603275048218 0.08834603275048218 Stable-Gain
1.58653303049 1.43797318888 -0.17641678056527096 -0.17641678056527096 Stable-Loss
1.76092555955 1.51326507659 -0.4967662750307059 -0.4967662750307059 Stable-Loss
1.27542719356 1.24919160948 -0.22238421377570222 -0.22238421377570222 Stable-Loss
1.3442707138 1.15027039364 -0.36738052195311266 -0.36738052195311266 Stable-Loss
1.56755580794 1.32620139446 -0.531157908212734 -0.531157908212734 Stable-Loss
1.23737098105 1.10801199343 -0.23016717746016466 -0.23016717746016466 Stable-Loss
1.31166498912 0.97423640393 -0.1238450962615124 -0.1238450962615124 Stable-Loss
1.24260171774 1.43587003275 -0.02315299708154838 -0.02315299708154838 Stable-Loss
1.21313926179 1.04403889222 -0.29988697149592747 -0.29988697149592747 Stable-Loss
1.15495946544 0.984660005196 -0.12375901030021866 -0.12375901030021866 Stable-Loss
1.54179210892 1.34918111893 -0.22130862351137387 -0.22130862351137387 Stable-Loss
1.02994213145 0.878760688348 -0.164964402077749 -0.164964402077749 Stable-Loss
0.886422729421 0.7606596805 0.04907454601245606 0.04907454601245606 Stable-Gain
1.33089515526 1.1882868438 -0.2669119339366802 -0.2669119339366802 Stable-Loss
1.07007484793 0.993076205843 -0.10847474648572997 -0.10847474648572997 Stable-Loss
0.859333564516 0.720204672459 0.058185568560566246 0.058185568560566246 Stable-Gain
1.61593357965 1.35096724807 0.07060885195612712 0.07060885195612712 Stable-Gain
0.793583708482 0.709578834957 0.07258069355613142 0.07258069355613142 Stable-Gain
1.17756091681 1.02249133881 -0.05186349003609617 -0.05186349003609617 Stable-Loss
1.23175764647 1.15938330015 -0.09750441782813828 -0.09750441782813828 Stable-Loss
1.72235633633 1.42459527828 -0.34434080817905804 -0.34434080817905804 Stable-Loss
1.3616961006 1.10201279663 -0.3049499374544495 -0.3049499374544495 Stable-Loss
1.99402019125 2.01389442763 -0.4001599083650116 -0.4001599083650116 Volatile-Loss
1.2941627388 1.17966810117 -0.19658757494859921 -0.19658757494859921 Stable-Loss
0.903080388373 0.794122035982 0.05903094096428924 0.05903094096428924 Stable-Gain
1.27545754724 1.00955858509 -0.05833056712986862 -0.05833056712986862 Stable-Loss
0.929948502362 0.69047684329 -0.035005791427826824 -0.035005791427826824 Stable-Loss
1.26740187562 1.08405303073 -0.23473212064028215 -0.23473212064028215 Stable-Loss
1.57130662025 1.47360195474 -0.31834908705915477 -0.31834908705915477 Stable-Loss
1.56196865548 1.54925568677 -0.015054494285031878 -0.015054494285031878 Stable-Loss
1.27096934358 1.14549406734 -0.11340682878870428 -0.11340682878870428 Stable-Loss
0.603771584946 0.515928349894 0.04835230773616342 0.04835230773616342 Stable-Gain
0.582508649218 0.517207476545 0.04433938077123583 0.04433938077123583 Stable-Gain
0.946909487715 0.740409850981 0.00450325862406498 0.00450325862406498 Stable-Gain
1.9557559619 1.94778128067 -0.5083452554144333 -0.5083452554144333 Stable-Loss
1.24445428905 1.04338876052 -0.12478366294511678 -0.12478366294511678 Stable-Loss
1.22053398268 1.13618874873 -0.10106172498961122 -0.10106172498961122 Stable-Loss
1.32988917618 1.12279596498 0.010447642716025126 0.010447642716025126 Stable-Gain
1.40638162721 1.48826727743 -0.088099195532885 -0.088099195532885 Stable-Loss
1.3044044175 0.973524214159 -0.143472514777832 -0.143472514777832 Stable-Loss
1.31448865247 1.00144098626 -0.1467677297241132 -0.1467677297241132 Stable-Loss
0.99575726531 0.894451969753 0.01003156317732167 0.01003156317732167 Stable-Gain
1.20650218955 1.12610523799 -0.2217634817643734 -0.2217634817643734 Stable-Loss
1.59299564137 1.40768796805 -0.08985238046822214 -0.08985238046822214 Stable-Loss
1.28209397645 1.28126475456 -0.16147781945436562 -0.16147781945436562 Stable-Loss
1.42060691735 1.41034924094 -0.3530472353060747 -0.3530472353060747 Stable-Loss
1.1770261635 1.04619252846 -0.10564710740954399 -0.10564710740954399 Stable-Loss
1.03520181347 0.907868343192 -0.1604539733970401 -0.1604539733970401 Stable-Loss
0.976253435541 0.929296698867 -0.1435888297922545 -0.1435888297922545 Stable-Loss
1.8135887646 1.69938959688 -0.24614133899437318 -0.24614133899437318 Stable-Loss
0.903241539178 0.936880178221 -0.19486661384148254 -0.19486661384148254 Stable-Loss
1.35867050208 1.14754473514 -0.12820817261776468 -0.12820817261776468 Stable-Loss
1.1701652842 1.0165300041 -0.10532795870601412 -0.10532795870601412 Stable-Loss
1.2810921828 1.35124170453 -0.1460000147440765 -0.1460000147440765 Stable-Loss
1.20989645866 1.06256564458 0.01900672407631418 0.01900672407631418 Stable-Gain
1.27303181706 1.00686517153 -0.04769728402723507 -0.04769728402723507 Stable-Loss
1.20271099803 0.985835915318 0.0873052746050556 0.0873052746050556 Stable-Gain
0.97115098473 0.843860302724 0.18555303434484088 0.18555303434484088 Stable-Gain
1.25106318732 1.12490326469 -0.0780800933742398 -0.0780800933742398 Stable-Loss
1.16142884259 1.23901767087 0.08327726119121331 0.08327726119121331 Stable-Gain
1.09430499295 0.897832518028 -0.16838771025608082 -0.16838771025608082 Stable-Loss
0.997682823301 0.891563636304 0.11850319716044956 0.11850319716044956 Stable-Gain
1.46493534255 1.08399516532 -0.22255190321979257 -0.22255190321979257 Stable-Loss
0.976712805898 0.827917234224 0.07258874985841886 0.07258874985841886 Stable-Gain
1.79042647266 1.56515191428 0.003263478442273354 0.003263478442273354 Stable-Gain
1.63630998084 1.48176110099 -0.06305798395664654 -0.06305798395664654 Stable-Loss
0.995947519935 0.820352054951 -0.05931668409434608 -0.05931668409434608 Stable-Loss
1.50196264122 1.1591313223 -0.05787901152552225 -0.05787901152552225 Stable-Loss
1.4195605528 1.09574431039 -0.03638719785914738 -0.03638719785914738 Stable-Loss
1.24755311681 1.20611082905 0.03784302352831458 0.03784302352831458 Stable-Gain
1.08219736333 0.916522676008 0.03305375005845185 0.03305375005845185 Stable-Gain
1.20528386167 0.915510994342 -0.08855663375266636 -0.08855663375266636 Stable-Loss
1.63650893494 1.35121128852 -0.04539882776510733 -0.04539882776510733 Stable-Loss
1.19608121345 1.02725131276 0.007233095215969753 0.007233095215969753 Stable-Gain
1.13258308885 1.04362300586 -0.08206142018049702 -0.08206142018049702 Stable-Loss
1.48703202402 1.39728796653 -0.33957034139112074 -0.33957034139112074 Stable-Loss
0.87962937314 0.818117200486 0.0791496897243341 0.0791496897243341 Stable-Gain
1.18281678788 1.04343730996 0.018466476743668116 0.018466476743668116 Stable-Gain
1.02898801594 0.90303667995 -0.07951508842537972 -0.07951508842537972 Stable-Loss
1.75969072042 1.43485891444 -0.027009996098249583 -0.027009996098249583 Stable-Loss
0.962290573675 0.91893768292 -0.1601509987418001 -0.1601509987418001 Stable-Loss
1.24564455701 1.03704650842 -0.23621873964901427 -0.23621873964901427 Stable-Loss
1.2139547776 1.17870099909 -0.24086742721637322 -0.24086742721637322 Stable-Loss
1.09753982239 0.934878462196 -0.08706867754947367 -0.08706867754947367 Stable-Loss
1.14921447086 1.15564667205 -0.19044997788257137 -0.19044997788257137 Stable-Loss
0.700643961824 0.659470642537 0.07773543489670595 0.07773543489670595 Stable-Gain
1.44280257795 1.21350721599 -0.010759624167392217 -0.010759624167392217 Stable-Loss
1.72507425597 1.44411239279 -0.09443867565344154 -0.09443867565344154 Stable-Loss
1.22616084422 1.09043818477 -0.13912151297103806 -0.13912151297103806 Stable-Loss
0.925113143045 0.766107618558 -0.07592861695214217 -0.07592861695214217 Stable-Loss
1.03250223833 0.927153399889 -0.22268442451322581 -0.22268442451322581 Stable-Loss
1.22812197055 1.12758850283 -0.2711210916216173 -0.2711210916216173 Stable-Loss
1.21340473978 1.04433375787 -0.11355215414373147 -0.11355215414373147 Stable-Loss
1.09150861668 0.92018925645 0.18550325031951947 0.18550325031951947 Stable-Gain
1.07086690557 1.0068541246 -0.09805380090582363 -0.09805380090582363 Stable-Loss
1.31995753048 1.27751378829 -0.13232032730409274 -0.13232032730409274 Stable-Loss
0.855017682151 0.81219599309 0.03727843091356252 0.03727843091356252 Stable-Gain
1.16819255181 1.09623593726 -0.24736456538536722 -0.24736456538536722 Stable-Loss
1.83846293214 1.58001750731 -0.17645120813196305 -0.17645120813196305 Stable-Loss
1.46719282836 1.06793401036 -0.051220490565358226 -0.051220490565358226 Stable-Loss
0.902294066976 0.708493765278 -0.009582147036214088 -0.009582147036214088 Stable-Loss
1.12101547582 0.992335208427 -0.21392858890084232 -0.21392858890084232 Stable-Loss
1.2619959041 1.01025745327 -0.1406521475781369 -0.1406521475781369 Stable-Loss
1.17928973723 1.05924225377 -0.2720813503805271 -0.2720813503805271 Stable-Loss
1.23981857618 1.12900327398 -0.0862657337734837 -0.0862657337734837 Stable-Loss
1.19565557088 1.02813677585 -0.20372526482314965 -0.20372526482314965 Stable-Loss
0.825519727071 0.798312178379 0.011060233316254704 0.011060233316254704 Stable-Gain
0.889222229659 0.716079363773 0.03961994489693503 0.03961994489693503 Stable-Gain
1.23506618463 1.15365109633 -0.07826801050828178 -0.07826801050828178 Stable-Loss
1.88037348517 1.63003383244 -0.15142031541684906 -0.15142031541684906 Stable-Loss
1.49705877456 1.26591965031 -0.5540448191824391 -0.5540448191824391 Stable-Loss
1.10702382272 1.00521813619 -0.035742187379332116 -0.035742187379332116 Stable-Loss
1.20274930353 1.06782776298 -0.12582484590696813 -0.12582484590696813 Stable-Loss
1.17878880227 1.03986132074 -0.06133227346579403 -0.06133227346579403 Stable-Loss
1.57826950845 1.4626276094 0.12178724898942175 0.12178724898942175 Stable-Gain
1.56586398316 1.47938309231 -0.20004076321630276 -0.20004076321630276 Stable-Loss
0.903481805952 0.801248725285 0.17504986728968244 0.17504986728968244 Stable-Gain
2.04229015953 1.83244352539 -0.2704720199685146 -0.2704720199685146 Stable-Loss
0.94846965995 0.831034798655 -0.1144841143181896 -0.1144841143181896 Stable-Loss
1.21570447787 1.04827563011 -9.08593846451668e-05 -9.08593846451668e-05 Stable-Loss
2.11662526842 1.79382605773 -0.43462544623563415 -0.43462544623563415 Stable-Loss
1.51872820348 1.31863703255 -0.19244510995057856 -0.19244510995057856 Stable-Loss
1.47087558231 1.35487678648 -0.25484747246560474 -0.25484747246560474 Stable-Loss
1.91231388801 1.66413927238 -0.4018783354333533 -0.4018783354333533 Stable-Loss
1.29587665984 1.32521281168 -0.06282406651303435 -0.06282406651303435 Stable-Loss
2.35935834619 1.84303128735 -0.29878880996872076 -0.29878880996872076 Volatile-Loss
5.25624477057 4.95705577401 -0.3374684665463254 -0.3374684665463254 Volatile-Loss
1.00342346546 0.766169684288 -0.015350232232318677 -0.015350232232318677 Stable-Loss
1.28211295217 1.05942790622 -0.07085286525685315 -0.07085286525685315 Stable-Loss
2.33527077406 1.92452230851 -0.3924695474963314 -0.3924695474963314 Volatile-Loss
1.54181563058 1.5522137426 -0.08279399553588988 -0.08279399553588988 Stable-Loss
1.20115457341 1.07789540344 -0.16648183339028783 -0.16648183339028783 Stable-Loss
1.81212492944 1.2412453135 -0.20593462386148542 -0.20593462386148542 Stable-Loss
1.15084724024 1.08810571441 -0.19247199820742814 -0.19247199820742814 Stable-Loss
1.24996352008 1.12643099378 -0.12387570544660834 -0.12387570544660834 Stable-Loss
2.2747434904 1.69539718744 -0.4513153178659521 -0.4513153178659521 Stable-Loss
1.86849286377 1.71181766397 -0.21956116766679445 -0.21956116766679445 Stable-Loss
1.23097785398 1.07881051232 -0.18221851585973478 -0.18221851585973478 Stable-Loss
1.23945331868 1.11926721797 -0.18204245529845745 -0.18204245529845745 Stable-Loss
1.02353448426 0.80752152873 -0.007576948023744775 -0.007576948023744775 Stable-Loss
1.1906163179 0.938387104764 0.13786316771836654 0.13786316771836654 Stable-Gain
1.22124656575 1.03085255936 -0.22176257213901043 -0.22176257213901043 Stable-Loss
0.902143332365 0.848462987688 -0.05813049985681824 -0.05813049985681824 Stable-Loss
0.949366017762 0.832959465887 -0.1930514037743732 -0.1930514037743732 Stable-Loss
1.22749238865 1.21472967998 -0.10826398013072287 -0.10826398013072287 Stable-Loss
2.06445010673 1.81189426798 -0.40239739337244496 -0.40239739337244496 Stable-Loss
1.29075662387 1.24418350247 -0.1846316519034962 -0.1846316519034962 Stable-Loss
0.833873200405 0.752037868817 0.1534585300591058 0.1534585300591058 Stable-Gain
1.14070793011 1.01620727951 0.05222900708178106 0.05222900708178106 Stable-Gain
1.26321043704 1.14318106828 -0.0493633050624284 -0.0493633050624284 Stable-Loss
1.47580604671 1.22511770272 -0.1551636144250074 -0.1551636144250074 Stable-Loss
1.29728486019 1.125413969 -0.23825441856576493 -0.23825441856576493 Stable-Loss
1.41393865291 1.24657590981 0.02058956576066671 0.02058956576066671 Stable-Gain
1.07258383372 1.00279859324 -0.08882300103586094 -0.08882300103586094 Stable-Loss
0.859179324432 0.743423539314 0.10391881339728772 0.10391881339728772 Stable-Gain
1.11040158074 0.97529712404 -0.039096339350195776 -0.039096339350195776 Stable-Loss
1.03815905825 0.85975320581 0.050317664852283596 0.050317664852283596 Stable-Gain
1.66789856477 1.59671896789 -0.2888420054451579 -0.2888420054451579 Stable-Loss
1.23529628185 1.12097136611 -0.10975857526019603 -0.10975857526019603 Stable-Loss
0.941922734568 0.804917647825 -0.0789443862894382 -0.0789443862894382 Stable-Loss
1.58541264516 1.42448680732 -0.26264565888781116 -0.26264565888781116 Stable-Loss
1.75099542403 1.38904816089 -0.03956281211876189 -0.03956281211876189 Stable-Loss
1.24563277156 1.10463734487 -0.07628760676963914 -0.07628760676963914 Stable-Loss
1.77951711686 1.363235934 -0.26692055126722863 -0.26692055126722863 Stable-Loss
1.41051870185 1.34175788123 -0.0672184099247979 -0.0672184099247979 Stable-Loss
1.00169531022 0.896705769637 -0.03437518970321038 -0.03437518970321038 Stable-Loss
0.953275340142 0.817564000319 -0.016204605030406417 -0.016204605030406417 Stable-Loss
1.24483467118 1.06842003735 0.20256985133829736 0.20256985133829736 Stable-Gain
1.26009882073 1.14036594554 -0.2062531288171917 -0.2062531288171917 Stable-Loss
1.6228099353 1.54960119264 -0.18384606511290963 -0.18384606511290963 Stable-Loss
1.09931783174 0.971660003883 0.00718801924200698 0.00718801924200698 Stable-Gain
1.3070888079 1.0904574407 -0.08194567109454497 -0.08194567109454497 Stable-Loss
1.12738554787 1.00776458326 -0.03579306259281912 -0.03579306259281912 Stable-Loss
1.18307937763 1.11735264959 -0.02586639033197538 -0.02586639033197538 Stable-Loss
0.916696469046 0.740807049042 0.04205215942053431 0.04205215942053431 Stable-Gain
0.958186188422 0.917182618649 0.26530493168396196 0.26530493168396196 Stable-Gain
1.33870775894 1.25812047098 -0.18379444576041426 -0.18379444576041426 Stable-Loss
1.2009974698 1.13663761203 -0.21391046354446364 -0.21391046354446364 Stable-Loss
1.04772004281 0.991293945709 -0.09021509151249596 -0.09021509151249596 Stable-Loss
1.62731537436 1.55450487848 -0.36786808961354484 -0.36786808961354484 Stable-Loss
1.27454462743 1.15928518068 -0.07201452899579058 -0.07201452899579058 Stable-Loss
1.19375894057 0.952926106156 -0.05721445046618516 -0.05721445046618516 Stable-Loss
0.911018744912 0.775265984183 -0.026028004225362496 -0.026028004225362496 Stable-Loss
0.984001271668 0.783145155411 0.032626622353152904 0.032626622353152904 Stable-Gain
1.08702524389 0.963728899423 -0.18915934929994618 -0.18915934929994618 Stable-Loss
1.18560336217 1.10022543808 -0.4515843812269947 -0.4515843812269947 Stable-Loss
0.847471811493 0.843622752709 -0.020104233445230817 -0.020104233445230817 Stable-Loss
1.10007481365 0.98669840489 -0.24201740149189577 -0.24201740149189577 Stable-Loss
1.52664772163 1.3612135658 -0.1460138132068841 -0.1460138132068841 Stable-Loss
1.44030487561 1.25004477351 -0.3141977629535762 -0.3141977629535762 Stable-Loss
1.40114968636 1.21829970495 -0.25625927507414087 -0.25625927507414087 Stable-Loss
1.04978157352 0.817596458315 -0.032646604895036124 -0.032646604895036124 Stable-Loss
1.60088102434 1.58979425294 0.028334307156641758 0.028334307156641758 Stable-Gain
0.946187977076 0.788047274564 -0.09038417380690549 -0.09038417380690549 Stable-Loss
1.05018490305 0.924825649613 -0.07208602195280608 -0.07208602195280608 Stable-Loss
1.19951216291 0.947597181934 -0.12025272068567944 -0.12025272068567944 Stable-Loss
1.47347961791 1.36508796296 -0.38865940471594634 -0.38865940471594634 Stable-Loss
1.00138145269 0.860326559183 -0.031111212032357415 -0.031111212032357415 Stable-Loss
1.00199598698 0.883826552435 -0.05677800655921728 -0.05677800655921728 Stable-Loss
1.06977357191 1.03242242211 0.05549767811397039 0.05549767811397039 Stable-Gain
1.32382077793 1.27173496876 -0.266956829707764 -0.266956829707764 Stable-Loss
1.81795386243 1.63076949205 0.03637378336767274 0.03637378336767274 Stable-Gain
1.10838669271 0.96744068651 -0.11420850624222587 -0.11420850624222587 Stable-Loss
1.15744500178 1.02491725653 -0.07489556719946021 -0.07489556719946021 Stable-Loss
2.00516470197 1.64059361121 -0.14142726457385862 -0.14142726457385862 Stable-Loss
1.35376691529 1.10777502189 -0.1888081274115022 -0.1888081274115022 Stable-Loss
1.14503072928 1.04933631756 -0.27488774963617907 -0.27488774963617907 Stable-Loss
2.10773207304 1.86249196502 -0.037269775492397975 -0.037269775492397975 Stable-Loss
2.25926142498 1.96656797114 -0.031214153141498606 -0.031214153141498606 Volatile-Loss
1.53264500213 1.38020736194 0.11013833005627886 0.11013833005627886 Stable-Gain
1.03282709138 0.891713585546 0.02953162548905376 0.02953162548905376 Stable-Gain
1.50072020302 1.3915903026 -0.13019827292191402 -0.13019827292191402 Stable-Loss
1.0867870948 0.942739022055 -0.009116302489838213 -0.009116302489838213 Stable-Loss
1.09331778331 0.931212002626 -0.10429080802429071 -0.10429080802429071 Stable-Loss
2.02219507472 1.83612992828 -0.3309517060850943 -0.3309517060850943 Stable-Loss
0.829490258835 0.772424405232 -0.03508019692188145 -0.03508019692188145 Stable-Loss
1.24765745722 1.0635828528 -0.15143710123848061 -0.15143710123848061 Stable-Loss
1.52945930546 1.44773857235 0.013968347880057819 0.013968347880057819 Stable-Gain
1.46444185411 1.36971518616 -0.3668262318719277 -0.3668262318719277 Stable-Loss
1.46611627002 1.27980277846 -0.19096988534988854 -0.19096988534988854 Stable-Loss
0.956219240081 0.748088074879 -0.0977313190019599 -0.0977313190019599 Stable-Loss
0.943034526344 0.804313488455 0.023544379993437118 0.023544379993437118 Stable-Gain
1.39904302283 1.25101394581 0.017413248595561627 0.017413248595561627 Stable-Gain
0.987028691111 0.83985880683 -0.01904830111591544 -0.01904830111591544 Stable-Loss
1.12851739153 0.932421657564 0.18568127464265533 0.18568127464265533 Stable-Gain
1.75678372605 1.50936039858 -0.5677590576948495 -0.5677590576948495 Stable-Loss
0.864600649088 0.771003986069 0.08850931762770171 0.08850931762770171 Stable-Gain
1.05859649523 0.857792362393 0.10902619221885015 0.10902619221885015 Stable-Gain
0.967936939651 0.867146932037 -0.15486531080592955 -0.15486531080592955 Stable-Loss
1.48418073355 1.34748480776 -0.2196144187709549 -0.2196144187709549 Stable-Loss
0.927211124955 0.897296471574 0.07188019102569623 0.07188019102569623 Stable-Gain
1.29952460668 1.09491162149 -0.3099473255252096 -0.3099473255252096 Stable-Loss
0.873239940533 0.765617010831 -0.10307771653048028 -0.10307771653048028 Stable-Loss
1.21222516631 0.957802080521 -0.37706104023167447 -0.37706104023167447 Stable-Loss
2.16638335236 2.03979470296 -0.44212454404604035 -0.44212454404604035 Volatile-Loss
1.78182442429 1.61314351583 -0.23593233295569116 -0.23593233295569116 Stable-Loss
0.878567512139 0.773291680603 0.10268003175827013 0.10268003175827013 Stable-Gain
1.28498798161 1.19664168125 -0.04967169022006645 -0.04967169022006645 Stable-Loss
1.21784431235 1.19140419399 -0.06741984933402015 -0.06741984933402015 Stable-Loss
0.812172278727 0.836541306065 0.1219621823878672 0.1219621823878672 Stable-Gain
1.0650622368 1.01539573391 -0.07330045460277813 -0.07330045460277813 Stable-Loss
1.14604597075 1.03139719303 -0.18473036305949417 -0.18473036305949417 Stable-Loss
1.09623219401 0.91537016946 0.019133090661809387 0.019133090661809387 Stable-Gain
3.32712039192 3.2547689791 -0.15055410055555649 -0.15055410055555649 Volatile-Loss
2.18108494622 1.6949853138 0.11194722315864326 0.11194722315864326 Stable-Gain
3.04564760517 2.95906883232 -0.15590549497883804 -0.15590549497883804 Volatile-Loss
3.44808570607 3.18734235168 -0.3850665975423417 -0.3850665975423417 Volatile-Loss
4.37480036812 4.76885957248 -0.6742592225583471 -0.6742592225583471 Volatile-Loss
4.32387635201 7.27356088002 -0.2425674003748465 -0.2425674003748465 Volatile-Loss
3.03386274257 3.12140555657 -0.33655048431612866 -0.33655048431612866 Volatile-Loss
2.61042531297 2.22591630045 -0.8968263476645071 -0.8968263476645071 Volatile-Loss
2.95760767444 3.02869260776 -0.8099746353374763 -0.8099746353374763 Volatile-Loss
4.93156525199 4.61512438032 -0.38931616156102383 -0.38931616156102383 Volatile-Loss
4.38282259148 4.04544706157 -0.33305413567124753 -0.33305413567124753 Volatile-Loss
4.22488354978 7.51482590765 0.22938031207372797 0.22938031207372797 Volatile-Gain
4.3519717355 4.9607652467 -0.1551218961971274 -0.1551218961971274 Volatile-Loss
4.22079662466 3.84827940396 -0.5642069295172123 -0.5642069295172123 Volatile-Loss
2.95373473504 2.34426113101 -0.39161936842041395 -0.39161936842041395 Volatile-Loss
4.18209524003 4.06783008389 -0.2936240245548462 -0.2936240245548462 Volatile-Loss
4.02535631275 3.91344646016 -0.031731618611499667 -0.031731618611499667 Volatile-Loss
1.24154248241 1.03377363611 -0.26470659036382393 -0.26470659036382393 Stable-Loss
3.39088926333 3.13145667282 -0.6676197298068909 -0.6676197298068909 Volatile-Loss
3.08489783995 2.83527033399 -0.7656373526729553 -0.7656373526729553 Volatile-Loss
2.43131742261 2.33318088216 -0.04990577043791888 -0.04990577043791888 Volatile-Loss
3.53104077216 3.60841129921 -1.1060560100701786 -1.1060560100701786 Volatile-Loss
2.6922299765 3.19842648338 -0.9058551448082052 -0.9058551448082052 Volatile-Loss
3.93239254884 3.66033012909 -1.0785826195204156 -1.0785826195204156 Volatile-Loss
4.53429249245 4.43538529312 -0.961525291672985 -0.961525291672985 Volatile-Loss
2.55325458852 2.46190611951 -0.7011302924775451 -0.7011302924775451 Volatile-Loss
6.71068456919 8.53514518205 0.04417668715514873 0.04417668715514873 Volatile-Gain
3.4089253761 4.25399583331 -0.13602419744307065 -0.13602419744307065 Volatile-Loss
4.32638622353 2.88895888184 -0.8614263731211065 -0.8614263731211065 Volatile-Loss
3.86407111636 3.54871191739 -0.984338661925095 -0.984338661925095 Volatile-Loss
3.38946990082 2.96919731132 -0.26697027124458833 -0.26697027124458833 Volatile-Loss
2.43283888879 2.05507690311 -0.35968413788987247 -0.35968413788987247 Volatile-Loss
2.32120176319 2.28192586571 -1.044875610969855 -1.044875610969855 Volatile-Loss
2.52397270405 1.88706915465 -0.4429703301471639 -0.4429703301471639 Volatile-Loss
3.64379743733 3.01012575171 -0.6918536187723738 -0.6918536187723738 Volatile-Loss
2.18696759642 2.48904698761 -0.3359379504244913 -0.3359379504244913 Volatile-Loss
6.39924395619 4.50833270775 -1.1654414815100365 -1.1654414815100365 Volatile-Loss
2.79586076944 3.06078284677 -0.06061901135895497 -0.06061901135895497 Volatile-Loss
4.24062915953 4.03236934708 -0.6938241939731861 -0.6938241939731861 Volatile-Loss
3.03212768916 2.65547806097 -0.20643085458249918 -0.20643085458249918 Volatile-Loss
0.848905327383 1.00041282901 0.0265078493505939 0.0265078493505939 Stable-Gain
2.9981658602 2.57665181831 -0.6403974789746306 -0.6403974789746306 Volatile-Loss
3.67038362213 2.97133275152 0.1922852736938496 0.1922852736938496 Volatile-Gain
1.63212029667 1.29199417049 -0.22252138522439896 -0.22252138522439896 Stable-Loss
3.43785926583 3.14304212602 -0.4187984747824823 -0.4187984747824823 Volatile-Loss
3.29172982384 3.5797647552 -0.2686865222461466 -0.2686865222461466 Volatile-Loss
3.16815041849 2.92714544249 -0.1837099280614167 -0.1837099280614167 Volatile-Loss
5.60932121014 4.72390475446 0.08086808567003281 0.08086808567003281 Volatile-Gain
1.95446935667 1.8416019588 -0.1615566432242273 -0.1615566432242273 Stable-Loss
2.12437112325 1.699564239 0.1650687570522212 0.1650687570522212 Stable-Gain
3.41088025561 3.66360906108 -1.4128195176978597 -1.4128195176978597 Volatile-Loss
3.25635581796 4.35150649676 -0.5892549192118982 -0.5892549192118982 Volatile-Loss
9.76243450368 13.2625271466 -7.564981726291566 -7.564981726291566 Volatile-Loss
7.14135565268 6.23488383842 -1.3499507922655716 -1.3499507922655716 Volatile-Loss
1.88992009091 2.51742168435 -0.14230632935825815 -0.14230632935825815 Volatile-Loss
5.10864204588 5.03417601396 -0.39210967072292985 -0.39210967072292985 Volatile-Loss
3.67693236266 3.71601425771 -1.449804584609768 -1.449804584609768 Volatile-Loss
4.19386358564 5.4867484243 -0.5947259346945715 -0.5947259346945715 Volatile-Loss
6.2178956036 7.08321710547 -0.4656221697371796 -0.4656221697371796 Volatile-Loss
3.60426680174 3.37845443103 -0.1817161452661475 -0.1817161452661475 Volatile-Loss
2.17849915144 2.36041529606 -0.3262283007469979 -0.3262283007469979 Volatile-Loss
6.3885664421 7.00746540992 -0.7913415874916667 -0.7913415874916667 Volatile-Loss
5.94589762448 7.76620341776 -1.0175249446507837 -1.0175249446507837 Volatile-Loss
4.12783449777 3.60045560645 -0.26232319987110575 -0.26232319987110575 Volatile-Loss
777 0 0 0 0
